word,Actual_Polarity,Calc_Polarity,NegativeSimilarity,NeutralSimilarity,PositiveSimilarity
outstand,1,0,0.112560222387,0.467447634452,0.419992143162
disgust,-1,-1,0.975821133193,0.0128606370645,0.011318229743
lighting,0,0,0.223726770084,0.757792861841,0.018480368075
substandard,-1,-1,0.995126668936,0.00107260449383,0.00380072657028
worthlessly,-1,0,0.183208424246,0.631996252499,0.184795323256
calumniously,-1,0,0.183208424246,0.631996252499,0.184795323256
devious,-1,-1,0.990077535606,0.00172507393199,0.00819739046203
meatloaf,0,0,7.15527828327e-06,0.998676560618,0.0013162841036
hazelnut,0,0,0.00163478285006,0.993094750151,0.00527046699873
horrendously,-1,-1,0.942144023907,0.0018827854778,0.055973190615
light,0,0,0.052272673208,0.482457017321,0.465270309471
bother,-1,-1,0.654646572865,0.16884030419,0.176513122945
belligerently,-1,-1,0.978267373784,0.00581261094238,0.0159200152731
marzipan,0,0,0.00319962872885,0.977474703686,0.0193256675848
practical,1,1,0.0638877205136,0.222318950436,0.71379332905
winningest,1,1,0.0320305571269,0.294271597199,0.673697845674
extensive,1,1,0.0157757120953,0.0372749568411,0.946949331064
wheat,0,0,0.0101511946658,0.982424382101,0.00742442323358
cobweb,0,-1,0.717482789778,0.253122635661,0.0293945745612
basil,0,0,0.000960723320396,0.916995821036,0.0820434556436
squab,0,0,0.00494693156332,0.967884630593,0.027168437844
altruistic,1,1,0.0838567025719,0.00601575981119,0.910127537617
smutty,-1,-1,0.892260959718,0.0375161702207,0.070222870061
ribbon,0,0,0.00956381571612,0.808681202575,0.181754981709
grubby,-1,-1,0.996136162219,0.000581297660712,0.00328254011987
teapot,0,0,0.0077590193151,0.957517313194,0.034723667491
train,1,0,0.0867076055186,0.831709351225,0.0815830432565
insupportably,-1,0,0.183208424246,0.631996252499,0.184795323256
celery,0,0,0.00502055430016,0.988676480075,0.00630296562436
monstrously,-1,-1,0.802275863158,0.135105605388,0.062618531454
aggressive,-1,-1,0.789630172784,0.0255106627062,0.184859164509
entertain,1,1,0.186024436254,0.0566739218354,0.757301641911
disgust,-1,-1,0.975821133193,0.0128606370645,0.011318229743
price,0,0,0.0317265548298,0.922349366303,0.0459240788669
kickass,-1,1,0.0117644096208,0.0424241669218,0.945811423457
pan,0,0,0.00891553332294,0.893307087357,0.0977773793202
revere,1,0,0.0794179339881,0.441384725244,0.479197340768
indecently,-1,-1,0.758551752839,0.051006654526,0.190441592635
accomodative,1,1,0.294874022765,0.226604189271,0.478521787965
repressive,-1,-1,0.644277718209,0.00204178544438,0.353680496347
illogic,-1,-1,0.997477183256,0.00186405159227,0.000658765151558
torpidity,-1,-1,0.643999557095,0.216020458891,0.139979984014
ridiculous,-1,-1,0.936241252699,0.00929839943726,0.054460347864
sicken,-1,-1,0.975985345998,0.00423470346681,0.0197799505348
transcendent,1,1,0.00378055471504,0.00695883464807,0.989260610637
acrid,-1,-1,0.90876284574,0.00441566161361,0.0868214926463
grumpily,-1,-1,0.958378145855,0.0312923484051,0.01032950574
enchant,1,1,0.00218836360158,0.00791450768538,0.989897128713
enchantingly,1,1,0.0463708534642,0.226872145576,0.726757000959
saute,0,0,1.35464653543e-05,0.99629819084,0.00368826269461
cognac,0,0,0.0296496100121,0.922467187564,0.0478832024237
appalling,-1,-1,0.993467706762,0.00059816710794,0.00593412613026
insult,-1,-1,0.995082314816,0.00170790647557,0.00320977870864
appropriate,1,1,0.0092201229361,0.0296186824239,0.96116119464
walnut,0,0,0.0290511136331,0.961457450106,0.00949143626104
apprehensively,-1,-1,0.571719341789,0.176767681809,0.251512976402
handsomely,1,1,0.00905018705315,0.0444488342803,0.946500978667
peppy,1,1,0.00664070288683,0.00224735736761,0.991111939746
derogatory,-1,-1,0.993953756801,0.00166768474068,0.00437855845874
kiwi,0,0,0.149648175391,0.787733203723,0.0626186208858
scornfully,-1,-1,0.985945415805,0.00572874816538,0.00832583602919
gelatin,0,0,0.00824606383163,0.916474360037,0.0752795761317
rotten,-1,-1,0.918243637728,0.0259999778301,0.0557563844414
harshly,-1,-1,0.921391037604,0.00972681665424,0.0688821457415
roll,0,0,0.0313048278049,0.654381452358,0.314313719837
abrupt,-1,-1,0.975784410076,0.00440486240138,0.019810727523
talented,1,1,0.0023057008936,0.0103557947313,0.987338504375
huge,0,1,0.0926862180202,0.087242539002,0.820071242978
heavenly,1,1,0.0106949118308,0.0368611767199,0.952443911449
rapture,1,-1,0.688745972848,0.283020230603,0.0282337965491
regrettable,-1,-1,0.980047908222,0.000920764908851,0.0190313268694
meal,0,0,0.00189898650451,0.89845456364,0.0996464498553
mess,-1,-1,0.892756997342,0.0858322726332,0.0214107300243
clam,0,0,0.0249556591064,0.938717038083,0.0363273028102
slowwww,-1,0,0.183208424246,0.631996252499,0.184795323256
request,0,0,0.0822481304964,0.664689625166,0.253062244338
thankful,1,1,0.0871863077684,0.0209163794398,0.891897312792
delectation,1,1,0.160440902047,0.349691637762,0.489867460191
awesomely,1,1,0.0367112863865,0.045232389778,0.918056323836
beauty,1,1,0.0143672159959,0.4050332078,0.580599576204
majestic,1,1,0.00705243089198,0.0295022440405,0.963445325068
exquisite,1,1,0.00395487357673,0.0157446871515,0.980300439272
entire,0,1,0.117297579065,0.226874295038,0.655828125897
hartshorn,0,0,0.183208424246,0.631996252499,0.184795323256
valiant,1,1,0.233071901648,0.0287829076565,0.738145190696
magnificent,1,1,0.000128290717474,0.00492244216265,0.99494926712
ration,0,0,0.00560201035251,0.967452380342,0.0269456093051
seedy,-1,-1,0.948199381664,0.0191886372316,0.0326119811045
guava,0,0,0.00123700017249,0.990569488674,0.0081935111537
joyfully,1,1,0.0727395130062,0.0203770116064,0.906883475387
marinara,0,0,0.00346182698436,0.982200766975,0.0143374060405
disastrously,-1,-1,0.980843087232,0.0018044356191,0.0173524771489
overcharge,-1,-1,0.834385954538,0.126796070566,0.0388179748965
disgraceful,-1,-1,0.614581606381,0.00716373310226,0.378254660516
atrocious,-1,-1,0.982350458165,0.00169717660882,0.0159523652257
maliciously,-1,-1,0.99600816589,0.0012640154356,0.00272781867405
sloooow,-1,-1,0.927145981089,0.0104300096538,0.0624240092576
uncivil,-1,-1,0.976841023863,0.00338604072098,0.0197729354163
burger,0,0,1.22940819609e-05,0.997544929673,0.00244277624462
spirited,1,1,0.0364930018604,0.0127151393385,0.950791858801
tremendous,1,1,0.00101082954371,0.00675254665078,0.992236623806
nauseate,-1,-1,0.896996780061,0.0470000223185,0.0560031976201
trashy,-1,0,0.448774527383,0.0172257647534,0.533999707864
spurious,-1,-1,0.985295874321,0.00262756297307,0.0120765627059
servant,0,0,0.0370587167674,0.750042455623,0.21289882761
compliment,1,1,0.0999025106636,0.17843021993,0.721667269406
malevolently,-1,-1,0.937211726412,0.039510310231,0.023277963357
regrettably,-1,-1,0.96969561985,0.0103224724435,0.0199819077068
"high_quality",1,0,0.183208424246,0.631996252499,0.184795323256
macaroon,0,0,0.00497137764921,0.981743158793,0.0132854635576
bitch,-1,0,0.475420688109,0.503285149206,0.0212941626851
blissful,1,1,0.100133881893,0.0347916145455,0.865074503562
unusable,-1,-1,0.792512666399,0.152933265402,0.0545540681988
abundant,1,1,0.076697838843,0.0454485399934,0.877853621164
wholesome,1,1,0.0170617730043,0.0842875368319,0.898650690164
hall,0,0,0.0174813341507,0.954862942998,0.0276557228514
complacent,-1,1,0.105587422888,0.00269292080027,0.891719656312
delivery,0,0,0.0521404755505,0.894618810011,0.0532407144386
passivity,-1,-1,0.995407194656,0.0022354350556,0.00235737028799
harmful,-1,-1,0.974569812504,0.00551353325713,0.0199166542393
delectable,1,1,0.00367712581097,0.0393660917221,0.956956782467
valiantly,1,1,0.0631346580381,0.0241490640346,0.912716277927
section,0,0,0.0241379750065,0.964431709403,0.0114303155905
confusing,-1,-1,0.979416553732,0.00709718504152,0.0134862612261
talent,1,0,0.0521850264337,0.655850307478,0.291964666088
enthusiastically,1,1,0.00360703413314,0.00381761359505,0.992575352272
smugly,-1,-1,0.969496655939,0.00210697289864,0.0283963711628
glad,1,1,0.00892324505361,0.04797052081,0.943106234136
pickle,0,0,0.130618757661,0.835805304804,0.0335759375349
ladyfinger,0,0,0.00715341544772,0.974057915302,0.0187886692502
grandioso,1,0,0.183208424246,0.631996252499,0.184795323256
pomegranate,0,0,0.00174992876651,0.993696674138,0.00455339709535
corner,0,0,0.0313125054799,0.898437492332,0.0702500021878
merit,1,1,0.0643624376047,0.386955736076,0.54868182632
stupidly,-1,-1,0.945572040169,0.00731445664091,0.0471135031906
basic,0,1,0.0444385889101,0.0939720419004,0.86158936919
disrespectfully,-1,-1,0.948799962575,0.0279518359932,0.0232482014318
caviar,0,0,0.000327052309044,0.979904913677,0.0197680340142
poor,-1,-1,0.976749753609,0.00347055800164,0.0197796883889
lemon,0,0,0.0016102253562,0.995814529884,0.00257524475948
"ill-favored",-1,0,0.183208424246,0.631996252499,0.184795323256
option,0,0,0.121102071044,0.757547388642,0.121350540315
cabernet,0,0,0.00174147360966,0.971768540779,0.0264899856116
legume,0,0,0.00640619848818,0.98027042131,0.0133233802016
acceptable,1,1,0.0555150627645,0.0355089898137,0.908975947422
virtuously,1,1,0.291656788389,0.0827231485891,0.625620063022
curry,0,0,0.00162301593302,0.988323431633,0.0100535524344
trust,1,-1,0.578791387741,0.138691880935,0.282516731325
snob,0,0,0.429162456291,0.331678175176,0.239159368533
caper,0,0,0.0531921759864,0.902920136521,0.0438876874929
hoodwink,-1,-1,0.879835219976,0.0451508011457,0.0750139788785
grit,0,0,0.116750287952,0.479485889578,0.40376382247
subpar,-1,-1,0.802251120633,0.0330453105734,0.164703568794
damn,-1,1,0.127308199313,0.383661443445,0.489030357242
rile,-1,-1,0.571964968977,0.376795268836,0.0512397621869
wrap,0,0,0.0845562910714,0.721437675755,0.194006033173
caraway,0,0,0.00186330406076,0.980046234931,0.0180904610087
order,0,0,0.0841160996811,0.858341942798,0.0575419575212
frustrate,-1,-1,0.971613851845,0.00835665070973,0.0200294974454
imaginative,1,1,0.00384512790761,0.0113836195296,0.984771252563
ineloquently,-1,0,0.183208424246,0.631996252499,0.184795323256
fuss,-1,-1,0.778250969803,0.152956396545,0.0687926336527
stupidity,-1,-1,0.974462917677,0.0164701196922,0.00906696263062
pastry,0,0,0.00705660699624,0.910102033697,0.0828413593068
overpay,0,-1,0.458267347886,0.285565862194,0.25616678992
wedding,0,0,0.00727585658641,0.962074218079,0.0306499253347
festive,1,1,0.0629034960442,0.131847900737,0.805248603219
terrace,0,0,0.00557732021708,0.895434400708,0.0989882790746
agave,0,0,0.000130600377381,0.98798817292,0.0118812267031
riveting,1,1,0.00457572129628,0.00631890745787,0.989105371246
alarm,-1,0,0.351124185753,0.62880647885,0.0200693353971
scene,0,0,0.0194476226181,0.95208734179,0.0284650355915
inhospitable,-1,1,0.378174312747,0.0227130308977,0.599112656355
unhappiness,-1,-1,0.817739196419,0.14109089756,0.0411699060207
flower,0,0,0.00411368375612,0.968260917366,0.0276253988778
nark,1,-1,0.699125464222,0.254110997552,0.0467635382255
enjoyable,1,1,0.000468948735231,0.00579960894936,0.993731442315
toffee,0,0,0.0467234923074,0.850336364376,0.102940143316
skewer,0,-1,0.699679991227,0.225907772968,0.0744122358049
wondrous,1,1,0.00135767216433,0.0100466663619,0.988595661474
gourmet,1,1,0.00183206038652,0.243946881853,0.75422105776
worry,-1,-1,0.818629547229,0.137553615358,0.0438168374132
haddock,0,0,0.0264770504923,0.944787093195,0.028735856313
bemuse,-1,-1,0.572357399352,0.0727597360265,0.354882864621
"ill-natured",-1,0,0.183208424246,0.631996252499,0.184795323256
caffe,0,0,0.00580021224698,0.954999524864,0.0392002628891
inedible,-1,-1,0.810402681358,0.163045046269,0.0265522723729
fry,0,0,0.0154219549571,0.974100889048,0.0104771559954
adverse,-1,-1,0.979036747068,0.00660487354655,0.0143583793852
appetizer,0,0,2.70300376684e-05,0.994296833889,0.00567613607378
tender,1,1,0.0118605401196,0.0509840085504,0.93715545133
sickly,-1,-1,0.983372919492,0.00363124009754,0.0129958404106
pear,0,0,1.5337964955e-06,0.998959746689,0.00103871951405
betray,-1,-1,0.975370832775,0.0087939271283,0.015835240097
atmoshere,0,0,0.183208424246,0.631996252499,0.184795323256
affectionate,1,1,0.118542983336,0.00698170454248,0.874475312121
annoy,-1,-1,0.962799194885,0.00338718358778,0.0338136215271
succotash,0,0,0.00425133051588,0.973617013751,0.0221316557332
tinny,-1,-1,0.785338114142,0.0934530434632,0.121208842395
deplore,-1,-1,0.95822258419,0.00766744975274,0.0341099660573
cantaloupe,0,0,0.00187690009608,0.994426576934,0.00369652296972
kabob,0,0,6.28372408485e-05,0.991572708375,0.00836445438372
boring,-1,-1,0.978696099322,0.00816885459608,0.0131350460819
feeble,-1,-1,0.997843753509,0.000384885643633,0.00177136084754
crude,-1,-1,0.969611826717,0.00779204597127,0.0225961273115
lobster,0,0,0.00171154047697,0.99508048462,0.00320797490269
wild_rice,0,0,0.183208424246,0.631996252499,0.184795323256
desk,0,0,0.00714893433653,0.970868839035,0.0219822266288
frontman,0,0,0.0369822908,0.867333024253,0.0956846849468
enticing,1,1,0.0248203777037,0.0317121016972,0.943467520599
authentic,1,1,0.00617854470858,0.0253425203166,0.968478934975
overrate,-1,-1,0.72754891081,0.0363694433803,0.23608164581
dirty,0,1,0.0947075643231,0.0381822085801,0.867110227097
cucumber,0,0,0.00158616543626,0.987264458604,0.0111493759602
gloriously,1,1,0.0191869300027,0.0115389228655,0.969274147132
terrible,-1,-1,0.985757444349,0.00268528538252,0.0115572702684
affordably,1,1,0.0133466113584,0.373062832053,0.613590556588
harassment,-1,-1,0.934884590645,0.0568734756691,0.00824193368633
melt,1,0,0.0614296494566,0.851785442326,0.0867849082172
heartily,1,1,0.000455368663134,0.0066341510102,0.992910480327
overzealous,-1,-1,0.962644654579,0.0163937018317,0.0209616435898
heavy-handed,-1,0,0.183208424246,0.631996252499,0.184795323256
gluten,0,0,0.00968410455979,0.974614145543,0.0157017498969
heartless,-1,-1,0.978733391738,0.00156745326615,0.019699154996
endear,1,1,0.013387867265,0.0111551107043,0.975457022031
slanderous,-1,-1,0.995778004201,0.000667583121157,0.00355441267806
comfort,0,0,0.0328536729365,0.533860491557,0.433285835506
syrah,0,0,0.000314881350698,0.979918643372,0.0197664752773
montparnasse,0,0,0.183208424246,0.631996252499,0.184795323256
gracefully,1,1,0.0173198231039,0.0490496910314,0.933630485865
nasty,-1,-1,0.926283480063,0.0229477444749,0.0507687754616
hysterically,-1,1,0.356660834742,0.0113601492679,0.63197901599
pudding,0,0,0.00278129370935,0.981909306091,0.0153094001997
motel,0,0,0.0196985959761,0.945260716631,0.0350406873925
veggies,0,0,0.000304439319707,0.980947837063,0.0187477236169
antipasto,0,0,6.24849238309e-05,0.991350058089,0.00858745698765
torpiness,-1,0,0.183208424246,0.631996252499,0.184795323256
treacherously,-1,-1,0.816988856962,0.0307013356124,0.152309807425
food,0,0,0.00204944588336,0.978517325224,0.0194332288925
smooth,1,1,0.0110676184813,0.0435868734436,0.945345508075
pack,-1,0,0.14507579997,0.842123102437,0.0128010975934
torturous,-1,-1,0.689302163669,0.0104350337482,0.300262802583
blameless,1,-1,0.949171108587,0.0059594048725,0.0448694865406
busboy,0,0,0.150311585625,0.755844779181,0.0938436351938
fromager,0,0,0.0822768889772,0.724846112066,0.192876998957
annihilate,-1,0,0.357762598535,0.462776268284,0.179461133181
success,1,0,0.0277163737918,0.570404382112,0.401879244096
balsamic,0,0,0.00617024909742,0.846157413096,0.147672337807
bean,0,0,0.0233211673373,0.898554672122,0.0781241605404
doughnut,0,0,0.00393932031712,0.976976828632,0.0190838510512
uncompetitive,-1,-1,0.960242412823,0.0210985076174,0.0186590795598
next,0,0,0.0475767784891,0.596279665511,0.356143555999
dark,0,-1,0.68865255564,0.166658270649,0.144689173711
awe,1,1,0.00293477300686,0.0144421959255,0.982623031068
piteous,-1,-1,0.995106061934,0.00150997065294,0.00338396741302
hilarious,1,1,0.00588049517237,0.0105495147801,0.983569990048
outperformance,1,0,0.0484208424867,0.532293409953,0.41928574756
arrogant,-1,-1,0.993002622239,0.00096330424791,0.00603407351294
thai,0,0,0.0680550900035,0.727807446326,0.204137463671
attractively,1,1,0.0985300680254,0.0941472171559,0.807322714819
"%c%c*bread",0,0,0.183208424246,0.631996252499,0.184795323256
sarcastically,-1,-1,0.884312886269,0.0574460569529,0.0582410567784
present,0,1,0.0814891914989,0.385173987003,0.533336821498
joint,0,0,0.103554348918,0.612411791992,0.284033859091
alcohol,0,0,0.0675141662733,0.917484386716,0.0150014470108
discontented,-1,1,0.264716318203,0.0190295673148,0.716254114482
sparerib,0,0,0.183208424246,0.631996252499,0.184795323256
appallingly,-1,-1,0.981918403369,0.000822186335307,0.0172594102958
staid,-1,-1,0.61339297467,0.0145929173471,0.372014107983
shrimp,0,0,3.96609914244e-06,0.998012505519,0.00198352838189
throw,-1,0,0.168324455817,0.516238084291,0.315437459892
waitstaffs,0,0,0.122073034842,0.651387118366,0.226539846792
costly,0,1,0.337432567021,0.0706636288637,0.591903804115
ashamed,-1,-1,0.890373230698,0.00546169318898,0.104165076113
quarrelsome,-1,-1,0.974838270579,0.00528345422711,0.0198782751935
mussles,0,0,0.00487591775102,0.907862894177,0.0872611880717
ingeniously,1,1,0.00481282904146,0.017462745396,0.977724425563
brutally,-1,-1,0.835511205941,0.0126888576813,0.151799936377
disgust,-1,-1,0.975821133193,0.0128606370645,0.011318229743
unprofitable,-1,-1,0.889189774331,0.0240510003792,0.0867592252901
nectar,0,0,0.0203177533225,0.665601425016,0.314080821661
calumnious,-1,-1,0.950840730261,0.029543373661,0.0196158960776
simple,0,1,0.0419458674468,0.0582560901711,0.899798042382
defamatory,-1,-1,0.838240715161,0.00514149021277,0.156617794626
run-down,-1,0,0.183208424246,0.631996252499,0.184795323256
bounteous,1,1,0.0224441228498,0.106709839908,0.870846037242
dishonorablely,-1,0,0.183208424246,0.631996252499,0.184795323256
flounder,0,0,0.526940312518,0.444344499942,0.0287151875402
mousse,0,0,0.000646927668254,0.970552087786,0.0288009845458
ramshackle,-1,-1,0.931490238131,0.0432500671712,0.0252596946973
quaint,1,1,0.18360059556,0.0357292752406,0.7806701292
top_notch,1,0,0.183208424246,0.631996252499,0.184795323256
sweetness,1,0,0.0194388992797,0.652758840457,0.327802260263
crowd,-1,0,0.24028509041,0.649543061367,0.110171848223
ignorance,-1,-1,0.979981861063,0.0162547261272,0.00376341280927
ramp,0,0,0.0425646263834,0.877050776299,0.0803845973176
overprice,-1,-1,0.885678604415,0.0905536887542,0.0237677068305
tiresome,-1,-1,0.993516622951,0.000875912694271,0.0056074643546
must,1,1,0.00835189951546,0.15742207714,0.834226023344
occasion,0,0,0.0585907050846,0.663927728277,0.277481566639
scant,-1,-1,0.913638726287,0.0324538452047,0.0539074285084
snobish,-1,0,0.183208424246,0.631996252499,0.184795323256
beat,-1,0,0.382447370465,0.332997072465,0.28455555707
stellar,1,1,9.40823299192e-05,0.00372201232053,0.99618390535
impressively,1,1,0.0784325463613,0.0226172218964,0.898950231742
disparage,-1,-1,0.744539044785,0.0331362454848,0.22232470973
heaviness,-1,-1,0.860539321818,0.111343947955,0.0281167302269
borscht,0,0,0.017684768246,0.962851540295,0.0194636914585
view,0,0,0.142639800616,0.60483443576,0.252525763623
dreck,-1,-1,0.937320368419,0.0452392194799,0.0174404121011
admiration,1,1,0.0129071874772,0.0540585226506,0.933034289872
belittle,-1,-1,0.984818315268,0.00235758427825,0.0128241004538
cram,-1,-1,0.969398761651,0.0153914978897,0.0152097404588
collard,0,0,0.00433354083958,0.985795746462,0.00987071269803
pecan,0,0,0.00214132564553,0.992520531361,0.0053381429937
masterful,1,1,0.000918251752644,0.00607556800957,0.993006180238
great,0,1,0.00259328322492,0.012209446071,0.985197270704
cook,0,0,0.00331329401061,0.981034925518,0.0156517804719
souffle,0,0,0.00855471501493,0.941401029602,0.0500442553835
high-spirited,1,0,0.183208424246,0.631996252499,0.184795323256
beautiful,1,1,0.00903377035849,0.062260970491,0.928705259151
surpass,1,1,0.108452428436,0.0688206044897,0.822726967074
chick,0,0,0.0930625220755,0.859486604302,0.047450873623
refresh,1,1,0.174409699728,0.131776226277,0.693814073995
water,0,0,0.0290775488204,0.954017363849,0.0169050873305
stuffy,-1,1,0.227503798854,0.0224412655901,0.750054935556
dextrous,1,1,0.0372352079829,0.0600539818945,0.902710810123
uninteresting,-1,-1,0.988893096268,0.00266995618304,0.00843694754889
swordfish,0,0,0.0029941467465,0.989876044905,0.00712980834834
endear,1,1,0.013387867265,0.0111551107043,0.975457022031
cheerless,-1,-1,0.674165789411,0.0626559126146,0.263178297975
dreadful,-1,-1,0.841935414407,0.00323372794164,0.154830857652
accomodating,1,1,0.00897616153821,0.0509144300296,0.940109408432
healthy,1,1,0.0339033023191,0.0320625519694,0.934034145712
feebleminded,-1,-1,0.952645902601,0.0321123990303,0.0152416983689
elegant,1,1,0.0048400327113,0.0227174382924,0.972442528996
presumptuously,-1,-1,0.823110367268,0.0591577549136,0.117731877819
slanderously,-1,-1,0.799392527463,0.150222690614,0.0503847819222
granola,0,0,0.0505259633901,0.912196210848,0.0372778257624
anchovy,0,0,0.00238887916878,0.992007806407,0.00560331442418
true,0,1,0.00894387259258,0.0274998581225,0.963556269285
kohlrabi,0,0,0.00320206788322,0.981128636904,0.0156692952131
dolt,-1,-1,0.752129726798,0.165513564529,0.0823567086727
guiness,0,0,0.0210015511381,0.795890871091,0.183107577771
perverse,-1,-1,0.910570989507,0.00577350057214,0.0836555099206
woeful,-1,-1,0.911502269921,0.0019305125914,0.0865672174874
citronella,0,0,0.00514018462901,0.975814094221,0.0190457211498
humourous,1,1,0.302817914341,0.00627786243926,0.690904223219
kringle,0,0,0.00194440998769,0.974896915023,0.0231586749895
sneakily,-1,0,0.454018082775,0.0749804686319,0.471001448593
ineffectively,-1,-1,0.935586718051,0.0107828447588,0.0536304371907
scrumptious,1,1,0.00664827180646,0.0736221503181,0.919729577875
idiot,-1,-1,0.877511909998,0.10382627553,0.0186618144713
stylish,1,1,0.0067111368867,0.022033537844,0.971255325269
ominously,-1,-1,0.887904889316,0.0288588415209,0.0832362691633
patty,0,0,1.13898524973e-05,0.996380304062,0.0036083060853
kingfish,0,0,0.00260346753448,0.987675258165,0.00972127430055
irreproachable,1,1,0.00526343874612,0.0132303127329,0.981506248521
greatness,1,1,0.023664979767,0.296131444551,0.680203575682
nightmarish,-1,1,0.400122246258,0.0219421339568,0.577935619785
vulgar,-1,-1,0.955040671763,0.0152045143235,0.029754813914
fish,0,0,0.00215823393509,0.99397091875,0.00387084731495
chutney,0,0,0.00393788083404,0.984754335387,0.0113077837794
negligent,-1,-1,0.977014663521,0.00325846349124,0.0197268729875
selection,0,0,0.00572973386297,0.892486280578,0.101783985559
artwork,0,0,0.0511931170912,0.87074388715,0.0780629957585
menu,0,0,0.00245329225769,0.982366686174,0.0151800215679
plague,-1,-1,0.679347590376,0.305909219971,0.0147431896539
listlessness,-1,-1,0.944103945806,0.00988893732158,0.0460071168722
judicious,1,1,0.16856399818,0.014602395752,0.816833606068
hostess,0,0,0.106046727694,0.862539462336,0.0314138099695
guiltily,-1,-1,0.716663991045,0.0165628883248,0.26677312063
hash,0,0,0.161479360506,0.728793923351,0.109726716143
friend,0,0,0.0487084931137,0.908677056621,0.0426144502655
credulous,-1,-1,0.96917844376,0.0107759992202,0.02004555702
overlook,-1,-1,0.869895809487,0.0756403982423,0.0544637922703
hideously,-1,-1,0.996944826932,0.000283669538954,0.0027715035293
unforgetable,1,1,0.00522480945805,0.0231648559,0.971610334642
excellant,1,1,0.00273108075669,0.0121125029397,0.985156416304
strange,-1,-1,0.782185119734,0.0520492989806,0.165765581285
sickeningly,-1,1,0.300940741934,0.00832973139764,0.690729526668
place,0,0,0.0328975205066,0.917381162896,0.0497213165969
mincemeat,0,0,0.219127632382,0.51487623801,0.265996129609
straw,0,0,0.325745698799,0.650018858746,0.0242354424547
improvement,1,0,0.149802034333,0.421757397266,0.428440568401
deceive,-1,-1,0.914772022992,0.00928666766237,0.075941309346
appal,-1,-1,0.83606137591,0.0315207957608,0.13241782833
dastardly,-1,-1,0.920782089509,0.00846712187647,0.0707507886149
devour,1,0,0.408681754887,0.146966957597,0.444351287516
"ill-fated",-1,0,0.183208424246,0.631996252499,0.184795323256
nastily,-1,-1,0.978894674338,0.0176361817152,0.00346914394669
acerbically,-1,1,0.121571621537,0.0152563716582,0.863172006805
martini,0,0,0.00031338721736,0.979898921599,0.019787691184
malicious,-1,-1,0.99780930656,0.00035698947665,0.00183370396341
flavor,0,0,0.00777050864164,0.959261065675,0.0329684256834
granite,0,0,0.367974568566,0.263641258011,0.368384173423
friendly,1,1,0.00978022204148,0.0331791510212,0.957040626937
morel,0,0,0.0354034937957,0.931264646807,0.0333318593969
fearful,-1,1,0.27662785279,0.0106748910214,0.712697256188
admirably,1,1,0.00168820125386,0.00588432799171,0.992427470754
infamously,-1,-1,0.850280193365,0.015175283774,0.134544522861
delight,1,1,0.00923632849024,0.0478854885382,0.942878182972
cocoa,0,0,7.63180121337e-07,0.999468707938,0.000530528882319
aesthetics,0,0,0.0599063784393,0.819353645493,0.120739976067
humorless,-1,-1,0.982309565208,0.0050652457786,0.0126251890131
classy,1,1,0.00483122631716,0.0237136119084,0.971455161774
sommelier,0,0,0.00180347279674,0.940767735302,0.0574287919014
counter,0,0,0.266625949776,0.588328709732,0.145045340492
showeroom,0,0,0.183208424246,0.631996252499,0.184795323256
sinister,-1,-1,0.59041858878,0.0316209496517,0.377960461568
joyously,1,1,0.0037400332501,0.0091031988869,0.987156767863
excel,1,1,0.000170389513052,0.00687029989287,0.992959310594
pea,0,0,0.0134270701185,0.97462028822,0.0119526416615
badly,-1,-1,0.957112066991,0.00307319474729,0.0398147382613
stupendously,1,1,0.163033198191,0.0286620559264,0.808304745883
dollar,0,0,0.234318672136,0.593769905227,0.171911422638
stylishly,1,1,0.0173063986989,0.0664384319158,0.916255169385
obscenely,-1,-1,0.922965430161,0.0095906170477,0.0674439527917
irk,-1,-1,0.736969987612,0.00782290095189,0.255207111436
sumptuous,1,1,3.32791927573e-05,0.00479631489749,0.99517040591
inability,-1,-1,0.722200885505,0.118728997655,0.15907011684
roofdeck,0,0,0.0364477781088,0.850996548259,0.112555673632
bulky,-1,-1,0.918104042824,0.0341397523058,0.0477562048706
raging,-1,-1,0.970350327524,0.0188434190149,0.0108062534616
misbegotten,-1,-1,0.833294242502,0.0291375071635,0.137568250335
transcend,1,1,0.0971540441703,0.0348743449865,0.867971610843
luminary,1,1,0.0471082421533,0.269335269813,0.683556488034
junk,-1,0,0.246164402013,0.666035053608,0.0878005443782
"so-so",-1,0,0.183208424246,0.631996252499,0.184795323256
surround,0,1,0.0360724309535,0.109752655042,0.854174914004
deliver,0,0,0.119041679588,0.393505453563,0.487452866849
unwatchable,-1,-1,0.95747991452,0.00136414750653,0.0411559379732
loveable,1,1,0.0675154959213,0.011417429417,0.921067074662
soda,0,0,0.0234165854314,0.966722348137,0.0098610664317
successfully,1,1,0.0137258793354,0.038778087395,0.94749603327
enchant,1,1,0.00218836360158,0.00791450768538,0.989897128713
bungle,-1,-1,0.982254462406,0.0127117434405,0.00503379415356
unpalatable,-1,-1,0.699257832619,0.0215464126987,0.279195754682
indifferent,-1,-1,0.950205608027,0.00421930621814,0.0455750857551
yellowtail,0,0,0.00133678783396,0.983632612909,0.0150305992568
resort,0,0,0.20025992044,0.774945033651,0.0247950459093
nefariously,-1,-1,0.944388687954,0.0365494785405,0.0190618335052
patio,0,0,8.75176659876e-05,0.989604467439,0.0103080148952
adroit,1,1,0.00274631531882,0.00812240368389,0.989131280997
dependable,1,1,0.000500610894073,0.00635868525776,0.993140703848
spice,0,0,0.0133425628662,0.969524614615,0.0171328225189
despondently,-1,-1,0.810775078107,0.114922687331,0.0743022345616
bluefish,0,0,0.00404463362673,0.98766941278,0.0082859535929
nuisance,-1,-1,0.933478400055,0.045629309514,0.0208922904313
cappuccino,0,0,0.0345585764324,0.921888907074,0.043552516494
own,0,1,0.206818356695,0.21085702554,0.582324617766
honesty,1,1,0.120020937808,0.205982447815,0.673996614377
quality,0,0,0.0510427698367,0.472754872121,0.476202358042
blissfully,1,1,0.0224502101434,0.0457646072148,0.931785182642
staunch,1,0,0.482896570225,0.0128238553501,0.504279574425
sangria,0,0,2.43452984103e-05,0.995155916697,0.00481973800506
okra,0,0,0.00417918705771,0.986820901849,0.00899991109289
cocktail,0,0,0.00978287461889,0.957850404617,0.0323667207637
maladjusted,-1,-1,0.997832401693,0.000951502598637,0.00121609570804
wayward,-1,-1,0.85138223251,0.031470241463,0.117147526027
prosperous,1,0,0.446401719203,0.100193721369,0.453404559428
zwieback,0,0,0.183208424246,0.631996252499,0.184795323256
cruelly,-1,-1,0.941879870327,0.0061188377989,0.0520012918736
trustworthy,1,1,0.0177460053535,0.0773826317659,0.904871362881
decent,0,1,0.0470395608606,0.0802080197481,0.872752419391
disappointingly,-1,-1,0.987115972137,0.0065988833872,0.00628514447603
pics,0,0,0.248215317012,0.671651238277,0.0801334447106
breathtaking,1,1,0.00412303629441,0.0180195863053,0.9778573774
despairing,-1,-1,0.969733100893,0.00192466410495,0.0283422350017
mango,0,0,0.0123977446435,0.982071413382,0.00553084197466
adoringly,1,1,0.0173510103679,0.0287369264712,0.953912063161
tortilla,0,0,2.16654294182e-06,0.999485216133,0.000512617323755
asinine,-1,-1,0.9019547318,0.0132866523926,0.0847586158075
irresponsible,-1,-1,0.993528619174,0.00049459529716,0.00597678552867
detrimental,-1,-1,0.863900057674,0.00885526521336,0.127244677113
candle,0,0,0.00714693114195,0.740369550529,0.252483518329
enthrall,1,1,0.00791488267625,0.0323031959249,0.959781921399
spumoni,0,0,0.00400743544841,0.938284988919,0.0577075756326
abalone,0,0,0.00128177332295,0.993253140319,0.0054650863584
angelic,1,1,0.202116936395,0.0358485163356,0.76203454727
fresh,0,1,0.0115671835104,0.125531419487,0.862901397002
fondue,0,0,0.00246362781347,0.922722088057,0.074814284129
just,0,1,0.171654303569,0.267750083181,0.56059561325
coke,0,0,0.0406593715731,0.947915727696,0.0114249007311
inequitably,-1,-1,0.944913735631,0.0317181202566,0.023368144112
brownie,0,0,0.037995043739,0.663429361977,0.298575594284
avariciously,-1,0,0.272583171307,0.468918003798,0.258498824895
reliable,1,1,0.00762938029467,0.0208799513558,0.97149066835
hostile,-1,-1,0.994014451318,0.00172220062492,0.00426334805678
music,0,0,0.0141828751747,0.887166686179,0.0986504386465
diverse,0,1,0.000170165080622,0.00568609441195,0.994143740507
turnip,0,0,0.0247755409756,0.961102903243,0.0141215557811
felony,-1,-1,0.912044438927,0.0767644608873,0.0111911001853
trendi,1,0,0.183208424246,0.631996252499,0.184795323256
trout,0,0,0.00739705351152,0.965454398518,0.0271485479701
cataclysmically,-1,-1,0.890542799532,0.063662695828,0.0457945046402
insufferably,-1,-1,0.998000153845,0.000641639774553,0.00135820638083
fillet,0,0,0.00528572460598,0.982953956802,0.0117603185917
meaningless,-1,-1,0.973050531936,0.00412981378477,0.0228196542789
fudge,0,0,0.0011875718485,0.992898780568,0.00591364758331
return,0,0,0.0218545490992,0.849209842813,0.128935608088
jealous,-1,-1,0.971457716706,0.00945804471561,0.0190842385784
repugnant,-1,-1,0.947973108883,0.00692031126588,0.045106579851
decoration,0,0,0.00443754125216,0.818091862284,0.177470596464
bouillabaisse,0,0,0.00470182421128,0.979512219241,0.0157859565481
"ill-tempered",-1,0,0.183208424246,0.631996252499,0.184795323256
ecstatically,1,1,0.0648077568827,0.00873936315966,0.926452879958
careless,-1,-1,0.996299976306,0.000940081035988,0.00275994265821
various,0,1,0.20032649349,0.0620169129848,0.737656593525
kitchen,0,0,3.15622994863e-05,0.994636903867,0.00533153383333
unsupportive,-1,-1,0.989892066122,0.00178174692179,0.00832618695588
valuable,1,1,0.0135122050673,0.0426070849104,0.943880710022
inexpert,-1,-1,0.928847071565,0.0366476687217,0.0345052597132
venomous,-1,-1,0.923682165922,0.0107961256762,0.0655217084018
beneficent,1,1,0.0293097664462,0.0202103228124,0.950479910741
villainously,-1,-1,0.732951586148,0.119965543805,0.147082870046
wary,-1,-1,0.85124036202,0.00281527216794,0.145944365812
amiss,-1,-1,0.699555953163,0.207058463723,0.0933855831141
jelly,0,0,0.00527250863703,0.952597112189,0.0421303791737
appall,-1,-1,0.970823865629,0.00950020448133,0.0196759298893
advocate,1,0,0.0720298280596,0.804959113538,0.123011058402
main,0,1,0.119362153494,0.256383130006,0.6242547165
popular,1,1,0.0765135027494,0.252593150136,0.670893347114
appreciative,1,1,0.0157420457173,0.00625125397198,0.978006700311
conch,0,0,0.0358714406081,0.916492610696,0.0476359486958
mercifully,1,-1,0.897655508104,0.044188279821,0.0581562120746
capable,1,1,0.0170485418503,0.0113458891092,0.971605569041
pasta,0,0,7.44313692421e-06,0.997547600726,0.00244495613698
amicably,1,1,0.0447900632939,0.092034374924,0.863175561782
mayo,0,0,0.00548836008615,0.937251581912,0.057260058002
bustle,1,0,0.208997011774,0.421599520111,0.369403468115
comfy,1,1,0.0552493530278,0.110552386515,0.834198260457
sardonic,-1,1,0.439267992824,0.00747330151177,0.553258705664
horseradish,0,0,3.82586408473e-06,0.998197442974,0.00179873116164
peerless,1,1,0.00273663768589,0.0146500477974,0.982613314517
boredom,-1,-1,0.976954489762,0.0156124089094,0.00743310132871
unfriendly,-1,-1,0.984175171201,0.00212375098439,0.0137010778146
favourite,1,1,0.00638449785536,0.100756439137,0.892859063007
modern,1,1,0.0497219202586,0.143369768599,0.806908311142
dauntless,1,1,0.00143572041969,0.0106177629148,0.987946516665
fucker,-1,0,0.487109381896,0.499156920208,0.0137336978957
sturgeon,0,0,0.0121704865451,0.964602792783,0.0232267206723
charm,1,0,0.104813217832,0.423677798785,0.471508983383
forgettable,-1,-1,0.718173989117,0.0110793253245,0.270746685558
fabulously,1,1,0.00338042354573,0.00687152526801,0.989748051186
impecable,1,1,0.01652065847,0.0583255845163,0.925153757014
catcher,1,0,0.0133789198216,0.907915061534,0.0787060186449
unimaginative,-1,-1,0.866982152445,0.0145638367821,0.118454010773
trick,-1,0,0.208949373652,0.472205417538,0.31884520881
unprofessional,-1,-1,0.998404935883,0.00061127111703,0.000983792999909
satisfied,1,1,0.0276297928567,0.0322711650301,0.940099042113
ingredient,0,0,0.00725906604986,0.895053903302,0.0976870306484
like,0,0,0.365790417708,0.406196526262,0.22801305603
gaudy,-1,1,0.0722836269702,0.0210247851014,0.906691587928
nifty,1,1,0.00270705734905,0.0119842310106,0.98530871164
apathy,-1,-1,0.97191416084,0.0165919670537,0.0114938721058
economical,1,1,0.00877957277205,0.0237714501893,0.967448977039
aspic,0,0,0.0294215864355,0.850225116865,0.120353296699
harsh,-1,-1,0.854231295712,0.00565266447713,0.140116039811
scratchy,-1,-1,0.795836329294,0.0211210983934,0.183042572313
cleverly,1,1,0.0225402648618,0.0300592598215,0.947400475317
sandwich,0,0,8.16441508331e-06,0.998468709746,0.00152312583886
dismal,-1,0,0.488456530414,0.0195238232895,0.492019646297
review,0,0,0.226624655475,0.672348329584,0.101027014941
pietra,0,0,0.138194610732,0.705111762414,0.156693626855
quacamole,0,0,0.183208424246,0.631996252499,0.184795323256
disgust,-1,-1,0.975821133193,0.0128606370645,0.011318229743
peaceful,1,1,0.0220034509733,0.0220177681959,0.955978780831
salmon,0,0,0.00200786029241,0.992642540328,0.00534959937914
woe,-1,-1,0.75066002544,0.0831225084946,0.166217466066
gooseberry,0,0,0.00245869352845,0.976799709386,0.020741597086
chowder,0,0,0.00526025512619,0.987355034456,0.00738471041809
painlessly,1,-1,0.982539606626,0.00147906601738,0.0159813273563
ackward,-1,-1,0.536473380483,0.284723979228,0.178802640288
agreeably,1,1,0.0238066747694,0.018083739234,0.958109585997
ameliorate,1,-1,0.68537629928,0.0151434003093,0.299480300411
location,0,0,0.0108813755297,0.951757665251,0.0373609592197
befoul,-1,-1,0.864018087898,0.0882013682682,0.0477805438336
bouillon,0,0,4.42183419093e-05,0.99301570625,0.00694007540806
uncomfy,-1,0,0.391946766778,0.413066536966,0.194986696256
bore,-1,-1,0.93679519749,0.0495889427659,0.0136158597436
"maitre",0,0,0.183208424246,0.631996252499,0.184795323256
conspiratorial,-1,1,0.365508147398,0.0405761135818,0.593915739021
hominy,0,0,0.00457842395736,0.974002972427,0.0214186036156
impudent,-1,-1,0.629990779081,0.008030066337,0.361979154582
torpor,-1,-1,0.957233437312,0.0224037162889,0.0203628463993
fascinate,1,1,0.0690593199272,0.0211780934008,0.909762586672
ricotta,0,0,8.15060789112e-06,0.996890685616,0.0031011637765
accommodative,1,1,0.233362401135,0.105974711577,0.660662887287
asparagus,0,0,0.00321580690627,0.987269003112,0.00951518998212
croissant,0,0,0.00281478992278,0.989432359324,0.00775285075367
venomously,-1,-1,0.932271240658,0.0398297829508,0.0278989763915
hovel,0,0,0.202778221604,0.677831778636,0.11938999976
spoil,-1,1,0.278207289879,0.115890561023,0.605902149097
insult,-1,-1,0.995082314816,0.00170790647557,0.00320977870864
impair,-1,-1,0.879790355498,0.0488644965867,0.0713451479158
liquor,0,0,0.0240869853855,0.965215001185,0.0106980134295
dismissive,-1,-1,0.904145230633,0.0113327828678,0.084521986499
coleslaw,0,0,7.80492934354e-05,0.990440841882,0.00948110882407
reject,-1,-1,0.959164574535,0.0307686822611,0.0100667432042
margarine,0,0,0.00809854229183,0.983152135543,0.00874932216562
pestilent,-1,-1,0.865252090145,0.0778235561785,0.0569243536762
eclectic,1,1,0.000450651801997,0.00533449853005,0.994214849668
sweet,1,1,0.0153665985842,0.0515908473543,0.933042554061
felicitous,1,1,0.0195172568438,0.0198092404092,0.960673502747
deceitfully,-1,-1,0.890524072049,0.0384758473438,0.0710000806072
cloying,-1,-1,0.831369593577,0.027594062301,0.141036344122
hostel,0,0,0.108075043346,0.882358696514,0.00956626013997
imposture,-1,-1,0.770833420562,0.190820695408,0.03834588403
flawless,1,1,3.31298350108e-05,0.00211246315875,0.997854407006
generously,1,1,0.0158757739519,0.155086243328,0.82903798272
pleasurably,1,1,0.0290569557791,0.0869590808221,0.883983963399
scenery,0,0,0.0183705859221,0.97323400086,0.00839541321822
unappreciative,-1,-1,0.934577670874,0.0169626022798,0.0484597268462
lolly,0,0,0.00896622534098,0.838666036327,0.152367738332
downside,-1,0,0.279096861316,0.462535185364,0.258367953321
felicitate,1,1,0.0155912103947,0.0911588266813,0.893249962924
candy,0,0,0.0141226027179,0.912678770893,0.0731986263894
avocado,0,0,0.0101219180109,0.975995578626,0.0138825033634
beneficially,1,1,0.0834577676013,0.0733371127277,0.843205119671
coffee,0,0,0.00382729838002,0.986585084955,0.00958761666547
overcompensate,1,-1,0.744477933955,0.0603640536438,0.195158012401
rabid,-1,-1,0.968947395114,0.00385642893683,0.0271961759487
tire,-1,0,0.138359774925,0.745090105737,0.116550119338
helpful,1,1,0.00921269365961,0.0334404795432,0.957346826797
unimportant,-1,-1,0.862805276583,0.0222063235881,0.114988399829
profitable,1,1,0.0212353727012,0.036423588341,0.942341038958
gross,-1,-1,0.981815018379,0.0118074196806,0.00637756194077
strudel,0,0,0.0138310046792,0.968510788797,0.0176582065236
deficiency,-1,-1,0.917277337168,0.0582407198987,0.0244819429338
unaccommodating,-1,-1,0.972845079527,0.00971369802861,0.0174412224442
awe,1,1,0.00293477300686,0.0144421959255,0.982623031068
cravenly,-1,-1,0.966287309921,0.0193057574651,0.0144069326139
moron,-1,-1,0.819493503341,0.153073222315,0.0274332743439
inappropriate,-1,-1,0.930872421599,0.0114267865557,0.057700791845
dessserts,0,0,0.183208424246,0.631996252499,0.184795323256
tamale,0,0,4.90107112724e-05,0.992662600204,0.00728838908462
"ill-used",-1,0,0.183208424246,0.631996252499,0.184795323256
importunate,-1,-1,0.702869132894,0.0625510296952,0.23457983741
tasty,1,1,0.00586505550087,0.166862565068,0.827272379432
disgustful,-1,-1,0.928904100826,0.0492613019226,0.0218345972516
milkshake,0,0,0.00243658629829,0.992634989687,0.00492842401476
thin,0,-1,0.555444509257,0.0419502589026,0.40260523184
rude,-1,-1,0.997513797192,0.00180687307066,0.000679329736999
dismay,-1,-1,0.968323006346,0.0106845485221,0.020992445132
happy,1,1,0.0108461999075,0.0351800280793,0.953973772013
satisfied,1,1,0.0276297928567,0.0322711650301,0.940099042113
good,1,1,0.0127158676765,0.0707229471506,0.916561185173
positive,1,1,0.158489492988,0.0279234542372,0.813587052775
excellent,1,1,5.34652237643e-05,0.00329006712421,0.996656467652
flawless,1,1,3.31298350108e-05,0.00211246315875,0.997854407006
unimpaired,1,1,0.293776786006,0.0637865591214,0.642436654872
unhappy,-1,1,0.368048129072,0.0107259932411,0.621225877686
unsatisfied,-1,-1,0.961546926756,0.00197569038128,0.0364773828631
bad,-1,-1,0.980655470958,0.00827362208408,0.0110709069579
negative,-1,1,0.195935641728,0.0464902553807,0.757574102892
poor,-1,-1,0.976749753609,0.00347055800164,0.0197796883889
flawed,-1,-1,0.909463920224,0.00400467365969,0.086531406116
defective,-1,-1,0.953959660451,0.0288391589101,0.0172011806392
food,0,0,0.00204944588336,0.978517325224,0.0194332288925
building,0,0,0.0493985510987,0.87963558908,0.0709658598212
