word,Actual_Polarity,Calc_Polarity,NegativeSimilarity,NeutralSimilarity,PositiveSimilarity
outstand,1,0,0.42678100758,0.38090955028,0.19230944214
disgust,-1,-1,0.62019800228,0.213489009076,0.166312988644
lighting,0,0,0.4235053289,0.422153224955,0.154341446145
substandard,-1,-1,0.57703060691,0.252869345453,0.170100047638
worthlessly,-1,0,0.454526332682,0.378223165838,0.16725050148
calumniously,-1,0,0.454526332682,0.378223165838,0.16725050148
devious,-1,-1,0.461910320235,0.316832650789,0.221257028976
meatloaf,0,0,0.39420583901,0.452520438278,0.153273722711
hazelnut,0,0,0.218969910781,0.605738882826,0.175291206393
horrendously,-1,0,0.412835709928,0.350410927073,0.236753362999
light,0,0,0.212173791565,0.560865662364,0.22696054607
bother,-1,-1,0.618709506882,0.209090212139,0.172200280979
belligerently,-1,-1,0.583658325115,0.286662822952,0.129678851933
marzipan,0,0,0.295519137483,0.514506963102,0.189973899415
practical,1,1,0.148782459208,0.316845681899,0.534371858893
winningest,1,0,0.339908375412,0.417575376593,0.242516247995
extensive,1,0,0.346543594726,0.267431094686,0.386025310588
wheat,0,0,0.148868217055,0.478609616835,0.37252216611
cobweb,0,0,0.206396822937,0.580083131509,0.213520045554
basil,0,0,0.25180163664,0.501656352195,0.246542011165
squab,0,0,0.246437547995,0.582101641085,0.17146081092
altruistic,1,0,0.372146049164,0.346358001811,0.281495949024
smutty,-1,-1,0.67304275671,0.216753010931,0.110204232359
ribbon,0,0,0.397393420857,0.378749348018,0.223857231125
grubby,-1,-1,0.568534137551,0.276733312622,0.154732549827
teapot,0,0,0.331869741929,0.403519851601,0.26461040647
train,1,0,0.294053463207,0.377024602505,0.328921934289
insupportably,-1,0,0.454526332682,0.378223165838,0.16725050148
celery,0,0,0.39100887342,0.366201701137,0.242789425443
monstrously,-1,-1,0.617217955219,0.195390304397,0.187391740384
aggressive,-1,-1,0.547665769852,0.208892951226,0.243441278922
entertain,1,0,0.190700475952,0.368623979527,0.440675544521
disgust,-1,-1,0.62019800228,0.213489009076,0.166312988644
price,0,-1,0.48681859985,0.323957276835,0.189224123315
kickass,-1,0,0.281918910059,0.512569305933,0.205511784008
pan,0,0,0.140514921544,0.574866215272,0.284618863183
revere,1,1,0.222710989293,0.289515280206,0.487773730501
indecently,-1,0,0.379471733973,0.338830783682,0.281697482345
accomodative,1,-1,0.45560622384,0.348251265882,0.196142510278
repressive,-1,0,0.327349088163,0.333957630489,0.338693281349
illogic,-1,-1,0.579455895473,0.203584108681,0.216959995846
torpidity,-1,-1,0.505479650142,0.325405017768,0.16911533209
ridiculous,-1,-1,0.645503616187,0.223409369412,0.131087014401
sicken,-1,-1,0.532139067004,0.209106689864,0.258754243132
transcendent,1,0,0.389247881364,0.379112993512,0.231639125124
acrid,-1,0,0.285391343561,0.370280734064,0.344327922375
grumpily,-1,-1,0.55423260631,0.307352506549,0.138414887141
enchant,1,1,0.229011759731,0.334524423706,0.436463816563
enchantingly,1,0,0.404177169278,0.408422254532,0.18740057619
saute,0,0,0.17213274402,0.59490413559,0.23296312039
cognac,0,0,0.258840086863,0.441149028289,0.300010884847
appalling,-1,-1,0.605894965189,0.220786349002,0.173318685809
insult,-1,-1,0.621294318304,0.216101886663,0.162603795034
appropriate,1,0,0.207876505727,0.384307108628,0.407816385646
walnut,0,0,0.260137427533,0.537516341489,0.202346230979
apprehensively,-1,0,0.442790792306,0.371557238252,0.185651969442
handsomely,1,1,0.263369449282,0.250772440584,0.485858110134
peppy,1,0,0.191188587049,0.406204286832,0.40260712612
derogatory,-1,-1,0.61751514062,0.19184776591,0.19063709347
kiwi,0,0,0.175024020138,0.579392050685,0.245583929176
scornfully,-1,0,0.438422011946,0.412107297659,0.149470690395
gelatin,0,1,0.225229918799,0.321369499094,0.453400582107
rotten,-1,-1,0.618136138577,0.206266125779,0.175597735644
harshly,-1,-1,0.566756989302,0.236379189435,0.196863821263
roll,0,0,0.162125029866,0.580532585638,0.257342384496
abrupt,-1,-1,0.630585829692,0.183391428944,0.186022741364
talented,1,1,0.218326993461,0.284513842257,0.497159164283
huge,0,0,0.351344964505,0.408079259262,0.240575776233
heavenly,1,1,0.211404838579,0.253131373043,0.535463788379
rapture,1,0,0.375212268974,0.221727064489,0.403060666537
regrettable,-1,-1,0.591983434256,0.234211264839,0.173805300905
meal,0,0,0.319861244683,0.421577207934,0.258561547383
mess,-1,-1,0.623030591099,0.238238283463,0.138731125437
clam,0,-1,0.482360699709,0.363752646502,0.153886653789
slowwww,-1,0,0.454526332682,0.378223165838,0.16725050148
request,0,0,0.27050658278,0.389072680736,0.340420736484
thankful,1,0,0.250200379058,0.429037658893,0.320761962049
delectation,1,0,0.40670189614,0.397421566083,0.195876537777
awesomely,1,1,0.112504063344,0.302296619632,0.585199317024
beauty,1,0,0.152458452557,0.386463019753,0.46107852769
majestic,1,1,0.129070431889,0.308479845583,0.562449722528
exquisite,1,1,0.240779858781,0.307560124357,0.451660016862
entire,0,0,0.196560217219,0.517177316655,0.286262466126
hartshorn,0,0,0.454526332682,0.378223165838,0.16725050148
valiant,1,0,0.174202482135,0.403940214318,0.421857303547
magnificent,1,0,0.359360229037,0.289688306146,0.350951464817
ration,0,0,0.201093617863,0.511076220453,0.287830161684
seedy,-1,-1,0.611469918857,0.194296434892,0.194233646251
guava,0,0,0.254366453981,0.557502220553,0.188131325466
joyfully,1,1,0.298386546944,0.279449506134,0.422163946921
marinara,0,0,0.408235311463,0.408399702001,0.183364986537
disastrously,-1,-1,0.469806998747,0.315115587051,0.215077414202
overcharge,-1,-1,0.574755220838,0.281516145653,0.143728633509
disgraceful,-1,-1,0.539355810885,0.275166731928,0.185477457187
atrocious,-1,-1,0.632420172843,0.223172685624,0.144407141533
maliciously,-1,-1,0.613133147305,0.209060042833,0.177806809863
sloooow,-1,1,0.29679411352,0.281026333923,0.422179552557
uncivil,-1,-1,0.4931569346,0.181998130914,0.324844934486
burger,0,0,0.198278620467,0.538649656204,0.263071723328
spirited,1,0,0.187171976193,0.414012624755,0.398815399052
tremendous,1,1,0.223593618193,0.331159912728,0.445246469079
nauseate,-1,-1,0.514351098291,0.326210677932,0.159438223777
trashy,-1,-1,0.587274679302,0.233934077838,0.178791242861
spurious,-1,-1,0.558819087341,0.236104358625,0.205076554034
servant,0,0,0.203495581405,0.545741028499,0.250763390096
compliment,1,-1,0.428563210172,0.254872088284,0.316564701544
malevolently,-1,-1,0.57580786337,0.292861388805,0.131330747825
regrettably,-1,0,0.401470766267,0.281019969915,0.317509263818
"high_quality",1,0,0.454526332682,0.378223165838,0.16725050148
macaroon,0,0,0.285835378254,0.518835652497,0.195328969249
bitch,-1,0,0.42083396766,0.415807540555,0.163358491785
blissful,1,1,0.216139687728,0.329804636838,0.454055675434
unusable,-1,0,0.421385934664,0.411213821311,0.167400244025
abundant,1,1,0.286024095089,0.292575241541,0.421400663371
wholesome,1,-1,0.428350560798,0.299567514291,0.272081924911
hall,0,0,0.246173866996,0.43932523171,0.314500901294
complacent,-1,-1,0.464338647822,0.223606527995,0.312054824183
delivery,0,0,0.379669352678,0.407643732928,0.212686914394
passivity,-1,-1,0.53956449452,0.280796999021,0.179638506459
harmful,-1,-1,0.617576288747,0.203532771354,0.178890939899
delectable,1,1,0.137555847461,0.3248543973,0.537589755239
valiantly,1,0,0.338921217566,0.379946916425,0.281131866009
section,0,0,0.392577635118,0.36878506616,0.238637298722
confusing,-1,-1,0.478744535878,0.256584342982,0.26467112114
talent,1,0,0.293863319495,0.31092542113,0.395211259375
enthusiastically,1,0,0.245534742835,0.348481011718,0.405984245447
smugly,-1,-1,0.507021153945,0.180287707612,0.312691138442
glad,1,1,0.214240712532,0.280634557765,0.505124729703
pickle,0,0,0.316039920031,0.340905127729,0.34305495224
ladyfinger,0,0,0.30702683499,0.517044801533,0.175928363478
grandioso,1,0,0.454526332682,0.378223165838,0.16725050148
pomegranate,0,0,0.328913902802,0.44000568569,0.231080411507
corner,0,0,0.131786914221,0.577030278854,0.291182806925
merit,1,0,0.266502905846,0.393528170938,0.339968923217
stupidly,-1,-1,0.513869267969,0.314534390674,0.171596341357
basic,0,0,0.19168779251,0.515137407054,0.293174800437
disrespectfully,-1,-1,0.566571563346,0.222133975082,0.211294461572
caviar,0,0,0.191545715132,0.484926214915,0.323528069953
poor,-1,-1,0.624164200213,0.220029243334,0.155806556453
lemon,0,0,0.193729044826,0.564689295979,0.241581659195
"ill-favored",-1,0,0.454526332682,0.378223165838,0.16725050148
option,0,0,0.236884036482,0.527949276952,0.235166686566
cabernet,0,0,0.254872718382,0.582711713536,0.162415568083
legume,0,0,0.250070725183,0.562326136384,0.187603138433
acceptable,1,0,0.264655690464,0.329242188315,0.406102121221
virtuously,1,1,0.288358552867,0.198432718108,0.513208729025
curry,0,0,0.31858058412,0.484303140533,0.197116275347
trust,1,0,0.300811403593,0.341866628821,0.357321967587
snob,0,0,0.190027175463,0.392793248562,0.417179575976
caper,0,0,0.286187232836,0.518083398799,0.195729368366
hoodwink,-1,0,0.38673204684,0.265305268714,0.347962684447
grit,0,0,0.259459584797,0.438835197013,0.30170521819
subpar,-1,-1,0.561992028463,0.236477723975,0.201530247562
damn,-1,-1,0.435614689368,0.316488355923,0.247896954709
rile,-1,-1,0.590593700058,0.282624664548,0.126781635393
wrap,0,-1,0.467416060715,0.313661061904,0.218922877382
caraway,0,0,0.255067186274,0.552182466603,0.192750347122
order,0,0,0.28058964241,0.402324759256,0.317085598334
frustrate,-1,-1,0.526600809307,0.294006302376,0.179392888317
imaginative,1,1,0.135187123063,0.345550574158,0.519262302779
ineloquently,-1,0,0.454526332682,0.378223165838,0.16725050148
fuss,-1,-1,0.597226217056,0.225369327996,0.177404454948
stupidity,-1,-1,0.506093737586,0.324468216903,0.169438045511
pastry,0,0,0.217975558411,0.421610899009,0.360413542579
overpay,0,-1,0.596672539215,0.284112312474,0.119215148312
wedding,0,0,0.266172050939,0.42508524764,0.308742701421
festive,1,1,0.222659790368,0.269229775477,0.508110434155
terrace,0,0,0.310051891469,0.392878773963,0.297069334568
agave,0,0,0.229549859531,0.528921796234,0.241528344235
riveting,1,1,0.249314550668,0.281927040893,0.468758408439
alarm,-1,-1,0.610107977527,0.200971489897,0.188920532576
scene,0,0,0.307642503379,0.48776515127,0.20459234535
inhospitable,-1,-1,0.514631543541,0.27014520939,0.215223247069
unhappiness,-1,-1,0.617610623142,0.203342464572,0.179046912286
flower,0,0,0.17907411034,0.531803633048,0.289122256612
nark,1,-1,0.521711218683,0.328617023501,0.149671757816
enjoyable,1,1,0.111166805124,0.311502190615,0.577331004261
toffee,0,0,0.216303649366,0.545530625615,0.238165725019
skewer,0,0,0.234133433741,0.527829362488,0.238037203771
wondrous,1,1,0.180453427435,0.329394493852,0.490152078713
gourmet,1,0,0.390571775674,0.279615893481,0.329812330844
worry,-1,-1,0.513809648687,0.306997635581,0.179192715732
haddock,0,0,0.212199322223,0.489948709259,0.297851968519
bemuse,-1,0,0.425924847482,0.378749200969,0.195325951549
"ill-natured",-1,0,0.454526332682,0.378223165838,0.16725050148
caffe,0,0,0.316890067527,0.516182314759,0.166927617714
inedible,-1,-1,0.462104032485,0.324158545372,0.213737422143
fry,0,0,0.139830415963,0.557475079143,0.302694504894
adverse,-1,-1,0.476579648481,0.247862664565,0.275557686953
appetizer,0,0,0.269950779063,0.506687710496,0.223361510441
tender,1,1,0.151374555534,0.277666535802,0.570958908665
sickly,-1,-1,0.578007883762,0.22642607829,0.195566037948
pear,0,0,0.221257085091,0.499852835809,0.2788900791
betray,-1,0,0.280141895116,0.351776173889,0.368081930995
atmoshere,0,0,0.454526332682,0.378223165838,0.16725050148
affectionate,1,0,0.262717901184,0.3490688588,0.388213240016
annoy,-1,0,0.33737880144,0.456888947746,0.205732250814
succotash,0,0,0.238564085903,0.594565785235,0.166870128862
tinny,-1,-1,0.569379223184,0.263409964525,0.167210812291
deplore,-1,-1,0.571404895236,0.23227180484,0.196323299924
cantaloupe,0,0,0.263196688561,0.552727144323,0.184076167116
kabob,0,0,0.264677725253,0.569059771826,0.166262502921
boring,-1,-1,0.660560150325,0.213518116424,0.125921733251
feeble,-1,-1,0.569367285662,0.229166143606,0.201466570732
crude,-1,-1,0.537418725946,0.219908231457,0.242673042597
lobster,0,0,0.365643796111,0.425346667066,0.209009536823
wild_rice,0,0,0.454526332682,0.378223165838,0.16725050148
desk,0,0,0.180392935064,0.582054108545,0.237552956392
frontman,0,0,0.294684901833,0.443877885353,0.261437212814
enticing,1,1,0.299043644697,0.251808497172,0.449147858131
authentic,1,1,0.150076215301,0.314162032192,0.535761752507
overrate,-1,-1,0.519217715802,0.315557217984,0.165225066214
dirty,0,0,0.171166352043,0.515345165693,0.313488482264
cucumber,0,0,0.270968622953,0.527980568995,0.201050808052
gloriously,1,1,0.257409498304,0.295100523734,0.447489977962
terrible,-1,-1,0.707601752307,0.221005006458,0.0713932412355
affordably,1,0,0.438887766671,0.389609771149,0.171502462179
harassment,-1,-1,0.561660859243,0.259369155828,0.178969984929
melt,1,0,0.214998638677,0.409317025245,0.375684336078
heartily,1,0,0.200045413404,0.386883648519,0.413070938078
overzealous,-1,-1,0.489881986944,0.198703623132,0.311414389924
heavy-handed,-1,0,0.454526332682,0.378223165838,0.16725050148
gluten,0,0,0.331113501231,0.483118345605,0.185768153164
heartless,-1,-1,0.502433812734,0.280864667682,0.216701519585
endear,1,1,0.0680549100076,0.406839957941,0.525105132051
slanderous,-1,-1,0.618056003633,0.205959399186,0.175984597181
comfort,0,0,0.174864231214,0.475001740933,0.350134027853
syrah,0,0,0.224282708918,0.607616078256,0.168101212826
montparnasse,0,0,0.454526332682,0.378223165838,0.16725050148
gracefully,1,0,0.135728343982,0.516398990767,0.34787266525
nasty,-1,-1,0.506160297405,0.336309871053,0.157529831543
hysterically,-1,-1,0.620576072732,0.214577744346,0.164846182921
pudding,0,0,0.206536272523,0.387919169017,0.405544558461
motel,0,0,0.226051940486,0.451600674804,0.32234738471
veggies,0,0,0.222570683742,0.460054469923,0.317374846335
antipasto,0,0,0.247768035887,0.57886803706,0.173363927053
torpiness,-1,0,0.454526332682,0.378223165838,0.16725050148
treacherously,-1,-1,0.575002405835,0.257410533768,0.167587060397
food,0,0,0.0946923725578,0.580028303752,0.32527932369
smooth,1,0,0.27598021926,0.325994133072,0.398025647668
pack,-1,-1,0.617133429179,0.196873211933,0.185993358888
torturous,-1,-1,0.545861880737,0.188369665308,0.265768453955
blameless,1,0,0.356436276545,0.265029014745,0.37853470871
busboy,0,0,0.363821165404,0.391793280726,0.24438555387
fromager,0,0,0.415702731347,0.413432770565,0.170864498089
annihilate,-1,-1,0.604342300326,0.235662346476,0.159995353198
success,1,1,0.235624749847,0.318880460993,0.445494789159
balsamic,0,0,0.26143616365,0.510840431358,0.227723404991
bean,0,0,0.362313041577,0.457480431234,0.180206527189
doughnut,0,0,0.192889410606,0.532242438841,0.274868150553
uncompetitive,-1,-1,0.53653867808,0.299862891119,0.1635984308
next,0,0,0.33404181191,0.474561549367,0.191396638723
dark,0,0,0.177498188858,0.592093193646,0.230408617496
awe,1,1,0.189126053987,0.177848092532,0.633025853482
piteous,-1,-1,0.512283847244,0.304677526359,0.183038626397
hilarious,1,1,0.135956972853,0.280913300355,0.583129726792
outperformance,1,-1,0.453191944146,0.327373977977,0.219434077876
arrogant,-1,-1,0.592706091963,0.247806486824,0.159487421213
thai,0,0,0.210434690076,0.473702365706,0.315862944218
attractively,1,0,0.152903221898,0.376094248932,0.471002529169
"%c%c*bread",0,0,0.454526332682,0.378223165838,0.16725050148
sarcastically,-1,-1,0.478710406864,0.316514315143,0.204775277993
present,0,0,0.274637229084,0.536326567812,0.189036203104
joint,0,0,0.181214716198,0.557047834157,0.261737449645
alcohol,0,0,0.449995749659,0.38922736307,0.160776887271
discontented,-1,-1,0.470722578126,0.304479981862,0.224797440012
sparerib,0,0,0.454526332682,0.378223165838,0.16725050148
appallingly,-1,-1,0.681828975725,0.13161773522,0.186553289055
staid,-1,-1,0.525285133293,0.20290570572,0.271809160987
shrimp,0,0,0.339015114913,0.45452144442,0.206463440667
throw,-1,-1,0.592525908858,0.214200483596,0.193273607546
waitstaffs,0,0,0.432130354142,0.395565713946,0.172303931912
costly,0,-1,0.586916450068,0.307391663024,0.105691886908
ashamed,-1,-1,0.564450472409,0.261309231698,0.174240295892
quarrelsome,-1,-1,0.602463026886,0.221992015178,0.175544957936
mussles,0,0,0.39024010342,0.442494702066,0.167265194514
ingeniously,1,1,0.147202664908,0.336680774375,0.516116560717
brutally,-1,-1,0.671012806973,0.207566611891,0.121420581136
disgust,-1,-1,0.62019800228,0.213489009076,0.166312988644
unprofitable,-1,0,0.457851471645,0.367767223581,0.174381304775
nectar,0,0,0.204107729454,0.474992943495,0.32089932705
calumnious,-1,-1,0.545796114428,0.316327748956,0.137876136616
simple,0,0,0.253948223521,0.41284942978,0.333202346699
defamatory,-1,-1,0.492223133148,0.265387656578,0.242389210274
run-down,-1,0,0.454526332682,0.378223165838,0.16725050148
bounteous,1,0,0.419816462629,0.395268829634,0.184914707737
dishonorablely,-1,0,0.454526332682,0.378223165838,0.16725050148
flounder,0,0,0.241386864812,0.531999874945,0.226613260243
mousse,0,0,0.332689028118,0.439566975565,0.227743996316
ramshackle,-1,-1,0.571800979506,0.254826164698,0.173372855796
quaint,1,1,0.247872258119,0.304086101201,0.44804164068
top_notch,1,0,0.454526332682,0.378223165838,0.16725050148
sweetness,1,0,0.403480725543,0.285646553349,0.310872721108
crowd,-1,-1,0.513138811107,0.234743246492,0.252117942401
ignorance,-1,-1,0.594115375355,0.221562795208,0.184321829437
ramp,0,-1,0.444297677689,0.292450447757,0.263251874554
overprice,-1,-1,0.586671543335,0.294631292645,0.11869716402
tiresome,-1,-1,0.477611467115,0.328342470743,0.194046062141
must,1,1,0.166374700537,0.319628489044,0.513996810419
occasion,0,0,0.323299375371,0.47856736634,0.198133258289
scant,-1,0,0.317578185434,0.451096425171,0.231325389395
snobish,-1,0,0.454526332682,0.378223165838,0.16725050148
beat,-1,-1,0.570773972832,0.263526971207,0.165699055961
stellar,1,1,0.150835081999,0.315616953108,0.533547964894
impressively,1,-1,0.52914821696,0.271656294175,0.199195488865
disparage,-1,-1,0.491213449681,0.330174861667,0.178611688652
heaviness,-1,0,0.414617466359,0.370210038098,0.215172495543
borscht,0,0,0.277102714466,0.493211362289,0.229685923245
view,0,0,0.225922986189,0.488412250063,0.285664763748
dreck,-1,-1,0.693635260266,0.220586416252,0.0857783234822
admiration,1,0,0.208359243265,0.452808316355,0.33883244038
belittle,-1,-1,0.59525982071,0.186719151362,0.218021027928
cram,-1,-1,0.440754095623,0.30333091164,0.255914992737
collard,0,0,0.257091834706,0.563714920751,0.179193244543
pecan,0,-1,0.46884703788,0.286288390412,0.244864571709
masterful,1,0,0.157962179525,0.429951723077,0.412086097399
great,0,0,0.233449112712,0.347895334026,0.418655553263
cook,0,0,0.303457231049,0.414041488791,0.28250128016
souffle,0,0,0.137019253416,0.46660097165,0.396379774934
high-spirited,1,0,0.454526332682,0.378223165838,0.16725050148
beautiful,1,0,0.189500631827,0.377473861137,0.433025507035
surpass,1,0,0.220977013928,0.395370456982,0.383652529091
chick,0,0,0.334390150234,0.416386199275,0.24922365049
refresh,1,0,0.294301665603,0.328995409311,0.376702925087
water,0,0,0.190000315769,0.482571447979,0.327428236252
stuffy,-1,-1,0.480409772855,0.354632876033,0.164957351111
dextrous,1,0,0.361313938312,0.384544222202,0.254141839487
uninteresting,-1,-1,0.66308597654,0.242388615387,0.0945254080731
swordfish,0,0,0.13980883549,0.49020403726,0.36998712725
endear,1,1,0.0680549100076,0.406839957941,0.525105132051
cheerless,-1,-1,0.725950685012,0.156472168798,0.11757714619
dreadful,-1,-1,0.619370449265,0.21151205193,0.169117498805
accomodating,1,0,0.325264717638,0.282136811176,0.392598471186
healthy,1,0,0.388338966427,0.30599963143,0.305661402143
feebleminded,-1,-1,0.504139330172,0.346079743718,0.14978092611
elegant,1,1,0.256226803386,0.317717194273,0.426056002341
presumptuously,-1,-1,0.508336988755,0.331041788934,0.160621222312
slanderously,-1,-1,0.555197264524,0.315945731284,0.128857004192
granola,0,0,0.226067686445,0.557974691301,0.215957622254
anchovy,0,0,0.19893929581,0.641249402411,0.159811301779
true,0,0,0.229902859739,0.363094597394,0.407002542867
kohlrabi,0,0,0.192995334071,0.624933934025,0.182070731904
dolt,-1,-1,0.617891222003,0.205565280584,0.176543497413
guiness,0,0,0.227633938651,0.487759326489,0.284606734859
perverse,-1,-1,0.618325912188,0.207371303551,0.174302784261
woeful,-1,-1,0.617794989101,0.204137087358,0.178067923541
citronella,0,0,0.336062565144,0.509095532648,0.154841902208
humourous,1,0,0.215364715418,0.347872487252,0.436762797331
kringle,0,0,0.220746925956,0.380297497904,0.39895557614
sneakily,-1,-1,0.511937633611,0.277575072412,0.210487293977
ineffectively,-1,0,0.446764491559,0.364255310695,0.188980197746
scrumptious,1,1,0.133661646541,0.220995481777,0.645342871682
idiot,-1,-1,0.589026514693,0.202968172984,0.208005312323
stylish,1,1,0.133706313294,0.250945308479,0.615348378226
ominously,-1,0,0.414068333188,0.326943859941,0.258987806871
patty,0,-1,0.486418309803,0.325764987498,0.187816702699
kingfish,0,0,0.208029846922,0.612409713099,0.179560439979
irreproachable,1,-1,0.544305128499,0.295760929789,0.159933941712
greatness,1,1,0.214431056008,0.321359175809,0.464209768183
nightmarish,-1,-1,0.553767309001,0.289132475229,0.15710021577
vulgar,-1,-1,0.617439844613,0.201843789104,0.180716366283
fish,0,0,0.25024896668,0.403641658252,0.346109375068
chutney,0,0,0.215782652733,0.432997247691,0.351220099575
negligent,-1,-1,0.581805354709,0.249496751969,0.168697893322
selection,0,0,0.337149322235,0.527739468553,0.135111209212
artwork,0,0,0.157866182132,0.574355719986,0.267778097881
menu,0,0,0.392750354404,0.389190444507,0.218059201089
plague,-1,-1,0.52399049285,0.229409210713,0.246600296437
listlessness,-1,-1,0.489964501544,0.325047510515,0.184987987941
judicious,1,1,0.212440384989,0.302012378336,0.485547236675
hostess,0,0,0.331205005581,0.370332872602,0.298462121817
guiltily,-1,-1,0.507672432668,0.32937868711,0.162948880222
hash,0,0,0.222041354413,0.539445698619,0.238512946968
friend,0,0,0.199279991757,0.545342689232,0.255377319011
credulous,-1,-1,0.472660017851,0.269834303087,0.257505679062
overlook,-1,-1,0.619674196398,0.211821745805,0.168504057797
hideously,-1,-1,0.603162237823,0.224623101403,0.172214660774
unforgetable,1,1,0.281787114022,0.253756860207,0.464456025772
excellant,1,0,0.209216985583,0.394149030506,0.396633983911
strange,-1,-1,0.613047971244,0.210949528217,0.17600250054
sickeningly,-1,-1,0.476580020546,0.323292371647,0.200127607807
place,0,0,0.213665482984,0.572476571117,0.213857945899
mincemeat,0,0,0.345650314485,0.416052956799,0.238296728716
straw,0,0,0.42966761335,0.405400840924,0.164931545726
improvement,1,-1,0.430342308919,0.292486775525,0.277170915556
deceive,-1,-1,0.583801474109,0.194142834283,0.222055691608
appal,-1,-1,0.495533308522,0.328813060018,0.17565363146
dastardly,-1,-1,0.474730603995,0.307676459056,0.217592936949
devour,1,1,0.151089482225,0.359739123324,0.489171394451
"ill-fated",-1,0,0.454526332682,0.378223165838,0.16725050148
nastily,-1,-1,0.504613094449,0.231070946084,0.264315959467
acerbically,-1,0,0.36002128026,0.428858696234,0.211120023506
martini,0,0,0.233482222043,0.532464321807,0.23405345615
malicious,-1,-1,0.61893404911,0.20423573568,0.17683021521
flavor,0,0,0.332508891331,0.491189758086,0.176301350583
granite,0,0,0.372242545676,0.43779546148,0.189961992844
friendly,1,1,0.0952325132765,0.303567883195,0.601199603529
morel,0,0,0.472831567563,0.373790915472,0.153377516964
fearful,-1,-1,0.496028488799,0.320701757441,0.18326975376
admirably,1,0,0.381806901148,0.327694604669,0.290498494183
infamously,-1,-1,0.565119399651,0.279825419702,0.155055180647
delight,1,1,0.307223835662,0.210838060064,0.481938104273
cocoa,0,0,0.359262387223,0.303917700149,0.336819912628
aesthetics,0,0,0.258481572098,0.529789740729,0.211728687173
humorless,-1,-1,0.540767476904,0.299195085999,0.160037437097
classy,1,1,0.180139506149,0.310909427052,0.508951066798
sommelier,0,0,0.287727898659,0.515515336473,0.196756764868
counter,0,-1,0.448719663388,0.325951928568,0.225328408044
showeroom,0,0,0.454526332682,0.378223165838,0.16725050148
sinister,-1,0,0.429925313469,0.372576300502,0.197498386029
joyously,1,1,0.106922263642,0.319273995842,0.573803740516
excel,1,0,0.307163955482,0.340895871683,0.351940172835
pea,0,0,0.206065576059,0.458812810931,0.33512161301
badly,-1,-1,0.589080432707,0.252971452852,0.157948114441
stupendously,1,0,0.166533994331,0.374517858013,0.458948147656
dollar,0,-1,0.441172393116,0.338221229067,0.220606377817
stylishly,1,1,0.227699283326,0.27890324846,0.493397468214
obscenely,-1,0,0.378311146808,0.302473720595,0.319215132597
irk,-1,-1,0.481319670248,0.287669151416,0.231011178336
sumptuous,1,1,0.164255617016,0.32648760911,0.509256773874
inability,-1,-1,0.511655610998,0.30168353287,0.186660856132
roofdeck,0,0,0.394685108144,0.426186242831,0.179128649024
bulky,-1,-1,0.468655881304,0.285868302918,0.245475815778
raging,-1,-1,0.453477125238,0.285222809195,0.261300065567
misbegotten,-1,-1,0.583521332895,0.248216726065,0.168261941039
transcend,1,1,0.194736014037,0.260189117065,0.545074868898
luminary,1,0,0.222768878728,0.400330420883,0.376900700389
junk,-1,-1,0.636808973798,0.219263357984,0.143927668218
"so-so",-1,0,0.454526332682,0.378223165838,0.16725050148
surround,0,0,0.411384049279,0.356689542897,0.231926407824
deliver,0,0,0.38721606077,0.412078752606,0.200705186624
unwatchable,-1,-1,0.742968901325,0.1390357881,0.117995310575
loveable,1,1,0.172592619805,0.328296812317,0.499110567879
soda,0,0,0.235456495538,0.533912994319,0.230630510144
successfully,1,1,0.23518290277,0.275895410149,0.488921687081
enchant,1,1,0.229011759731,0.334524423706,0.436463816563
bungle,-1,-1,0.617271609839,0.195417758171,0.18731063199
unpalatable,-1,-1,0.600999720442,0.20061672451,0.198383555048
indifferent,-1,-1,0.423979967947,0.323364406061,0.252655625992
yellowtail,0,0,0.192751818229,0.62221842953,0.185029752241
resort,0,0,0.164417419903,0.536904909829,0.298677670268
nefariously,-1,-1,0.531187163098,0.307881356265,0.160931480636
patio,0,0,0.113043252451,0.505293716661,0.381663030888
adroit,1,0,0.397711385116,0.250028015268,0.352260599617
dependable,1,0,0.203150752138,0.392216710479,0.404632537383
spice,0,0,0.201996720516,0.486145279262,0.311858000222
despondently,-1,-1,0.51433159822,0.330015487406,0.155652914374
bluefish,0,0,0.205292797648,0.599964072265,0.194743130086
nuisance,-1,-1,0.634100359074,0.198064507975,0.167835132952
cappuccino,0,0,0.392782067419,0.317398234055,0.289819698525
own,0,0,0.245732735368,0.444931212534,0.309336052098
honesty,1,0,0.380573673972,0.199518975408,0.41990735062
quality,0,0,0.397820133765,0.457170808854,0.145009057381
blissfully,1,0,0.346548811055,0.303801403624,0.349649785321
staunch,1,1,0.165683383703,0.291279291517,0.54303732478
sangria,0,0,0.176473151858,0.507850480414,0.315676367728
okra,0,0,0.222856133217,0.603528848316,0.173615018467
cocktail,0,0,0.233304969294,0.525482721891,0.241212308815
maladjusted,-1,-1,0.59740514188,0.235325822075,0.167269036045
wayward,-1,-1,0.431777596701,0.259484394385,0.308738008914
prosperous,1,1,0.235613897065,0.279116137508,0.485269965427
zwieback,0,0,0.454526332682,0.378223165838,0.16725050148
cruelly,-1,0,0.391942165746,0.259827187622,0.348230646632
trustworthy,1,0,0.244610549518,0.382278980795,0.373110469687
decent,0,0,0.422138237836,0.365174245164,0.212687517
disappointingly,-1,-1,0.635931143714,0.241565104669,0.122503751617
pics,0,0,0.197490754282,0.44090606369,0.361603182028
breathtaking,1,1,0.201983980985,0.239989262467,0.558026756548
despairing,-1,-1,0.597417504083,0.222767492624,0.179815003293
mango,0,0,0.340510826217,0.44842701503,0.211062158753
adoringly,1,1,0.294943250648,0.290835354725,0.414221394627
tortilla,0,0,0.274807064597,0.511467587148,0.213725348255
asinine,-1,-1,0.61752399135,0.202275762846,0.180200245804
irresponsible,-1,0,0.432302021777,0.376512803329,0.191185174894
detrimental,-1,-1,0.416620359575,0.302843785473,0.280535854952
candle,0,0,0.333983707116,0.430568997022,0.235447295861
enthrall,1,0,0.0859901919007,0.43020010825,0.483809699849
spumoni,0,0,0.332094710953,0.505670617707,0.16223467134
abalone,0,0,0.236293767423,0.589092114364,0.174614118213
angelic,1,0,0.325414612686,0.316956832238,0.357628555076
fresh,0,0,0.369467988455,0.341862569933,0.288669441612
fondue,0,0,0.144823252221,0.574005691093,0.281171056686
just,0,0,0.43421462872,0.346004070067,0.219781301212
coke,0,0,0.194620301938,0.556351448908,0.249028249154
inequitably,-1,-1,0.462404490604,0.339986151139,0.197609358257
brownie,0,0,0.167519539715,0.535146816792,0.297333643493
avariciously,-1,0,0.44482042009,0.37435863084,0.180820949071
reliable,1,0,0.234989958696,0.354288174228,0.410721867077
hostile,-1,-1,0.63854335166,0.245260045215,0.116196603124
music,0,0,0.181286412094,0.428437685923,0.390275901983
diverse,0,0,0.364842669309,0.38357562533,0.25158170536
turnip,0,0,0.413442486632,0.421287656414,0.165269856954
felony,-1,-1,0.506883626051,0.211937854392,0.281178519557
trendi,1,0,0.454526332682,0.378223165838,0.16725050148
trout,0,0,0.267616633371,0.502284743532,0.230098623097
cataclysmically,-1,-1,0.520260322297,0.321456399791,0.158283277912
insufferably,-1,-1,0.465517828184,0.27573625314,0.258745918676
fillet,0,0,0.208402072513,0.537189732273,0.254408195215
meaningless,-1,-1,0.617346631948,0.194084247336,0.188569120716
fudge,0,0,0.200880216127,0.527866590403,0.27125319347
return,0,0,0.191032686289,0.440671779647,0.368295534064
jealous,-1,-1,0.617357442933,0.201483638847,0.18115891822
repugnant,-1,-1,0.47863048666,0.236037559259,0.285331954081
decoration,0,0,0.219865181695,0.451004463,0.329130355305
bouillabaisse,0,0,0.242097189332,0.571211910741,0.186690899927
"ill-tempered",-1,0,0.454526332682,0.378223165838,0.16725050148
ecstatically,1,1,0.282998004875,0.239263834252,0.477738160873
careless,-1,-1,0.619082663227,0.210400039381,0.170517297392
various,0,0,0.21958131091,0.520499093969,0.259919595122
kitchen,0,0,0.160623265891,0.479747526521,0.359629207588
unsupportive,-1,-1,0.555911691951,0.282442444582,0.161645863466
valuable,1,1,0.287192390594,0.284873319893,0.427934289513
inexpert,-1,-1,0.474212996446,0.348793814787,0.176993188767
venomous,-1,-1,0.629468562472,0.17860774802,0.191923689508
beneficent,1,-1,0.48735405956,0.334772641493,0.177873298946
villainously,-1,-1,0.528295126459,0.33023993305,0.141464940492
wary,-1,0,0.342653081769,0.333504661299,0.323842256932
amiss,-1,-1,0.540728413652,0.237957131273,0.221314455075
jelly,0,0,0.426268265593,0.365694625779,0.208037108629
appall,-1,-1,0.486332569731,0.307032883677,0.206634546592
advocate,1,1,0.267940512953,0.288639553671,0.443419933377
main,0,0,0.138409228083,0.433011417008,0.428579354909
popular,1,0,0.164300123933,0.376957805535,0.458742070531
appreciative,1,0,0.048363668409,0.427099601862,0.524536729729
conch,0,0,0.284521515455,0.394171246107,0.321307238438
mercifully,1,-1,0.496977454323,0.240249964493,0.262772581183
capable,1,1,0.185223281072,0.349322149513,0.465454569415
pasta,0,0,0.426670161326,0.379376759321,0.193953079354
amicably,1,0,0.374163549506,0.343339376034,0.28249707446
mayo,0,0,0.36765034741,0.449712841163,0.182636811427
bustle,1,0,0.272397100942,0.397144794368,0.33045810469
comfy,1,-1,0.461332717419,0.218048729306,0.320618553274
sardonic,-1,0,0.262420020638,0.425006154878,0.312573824484
horseradish,0,0,0.195818328439,0.627036967713,0.177144703848
peerless,1,0,0.235332919396,0.338667451853,0.425999628751
boredom,-1,-1,0.510260360349,0.235822578052,0.253917061598
unfriendly,-1,-1,0.555541301435,0.293412892783,0.151045805781
favourite,1,1,0.146128731439,0.270074726728,0.583796541833
modern,1,1,0.121555295433,0.361509487817,0.51693521675
dauntless,1,0,0.174157065173,0.364023205435,0.461819729392
fucker,-1,-1,0.486465774487,0.367560164293,0.14597406122
sturgeon,0,0,0.365707336859,0.440160508932,0.194132154209
charm,1,0,0.244959595341,0.364050462288,0.39098994237
forgettable,-1,-1,0.752466065515,0.134661393629,0.112872540856
fabulously,1,1,0.309754003883,0.224136941573,0.466109054544
impecable,1,0,0.303330495294,0.344996644093,0.351672860613
catcher,1,1,0.207042376527,0.338120652708,0.454836970765
unimaginative,-1,-1,0.576301546236,0.191602960033,0.232095493732
trick,-1,-1,0.555998651094,0.272155600102,0.171845748804
unprofessional,-1,-1,0.582304006765,0.259635535301,0.158060457934
satisfied,1,1,0.109020644179,0.252541207421,0.6384381484
ingredient,0,0,0.319939244962,0.402059172388,0.27800158265
like,0,0,0.182383257519,0.449122307979,0.368494434502
gaudy,-1,-1,0.554537536425,0.243010369929,0.202452093646
nifty,1,0,0.273624478644,0.399378061217,0.326997460139
apathy,-1,-1,0.563123168528,0.26778895148,0.169087879991
economical,1,-1,0.4334138924,0.273791918769,0.292794188831
aspic,0,0,0.326392300405,0.483544551625,0.19006314797
harsh,-1,0,0.376096348254,0.389394940512,0.234508711233
scratchy,-1,-1,0.642521817523,0.216827788745,0.140650393732
cleverly,1,0,0.179079029014,0.435348944199,0.385572026787
sandwich,0,0,0.236952861001,0.432622195798,0.330424943201
dismal,-1,-1,0.475153420985,0.326211956323,0.198634622691
review,0,-1,0.519403402085,0.321949530921,0.158647066993
pietra,0,0,0.434679091074,0.393382499081,0.171938409845
quacamole,0,0,0.454526332682,0.378223165838,0.16725050148
disgust,-1,-1,0.62019800228,0.213489009076,0.166312988644
peaceful,1,0,0.365605044843,0.305258911843,0.329136043314
salmon,0,0,0.134083030713,0.508731438817,0.35718553047
woe,-1,-1,0.534095131506,0.19795987475,0.267944993745
gooseberry,0,0,0.245538492529,0.546278516695,0.208182990775
chowder,0,0,0.17635490453,0.4080661062,0.415578989271
painlessly,1,0,0.390199405176,0.200580607785,0.409219987039
ackward,-1,0,0.468027779526,0.374025828167,0.157946392308
agreeably,1,1,0.186380545165,0.307211390476,0.506408064358
ameliorate,1,1,0.20470376557,0.276078975371,0.519217259059
location,0,0,0.240002224818,0.506736182288,0.253261592894
befoul,-1,-1,0.513387491897,0.344518792482,0.14209371562
bouillon,0,0,0.212701301242,0.561267698501,0.226031000256
uncomfy,-1,0,0.456974992491,0.376149678149,0.16687532936
bore,-1,-1,0.6182771421,0.207020609735,0.174702248166
"maitre",0,0,0.454526332682,0.378223165838,0.16725050148
conspiratorial,-1,0,0.400547905631,0.356758697047,0.242693397322
hominy,0,0,0.257274235007,0.56117325279,0.181552512203
impudent,-1,-1,0.569436733231,0.186751457702,0.243811809067
torpor,-1,-1,0.499414421171,0.338423699308,0.162161879522
fascinate,1,1,0.179168053057,0.320763168081,0.500068778862
ricotta,0,0,0.151298818831,0.629599795677,0.219101385493
accommodative,1,-1,0.43758681443,0.320371873224,0.242041312346
asparagus,0,0,0.385702799363,0.362105230141,0.252191970496
croissant,0,0,0.270518459386,0.565144755427,0.164336785188
venomously,-1,-1,0.520165870598,0.318172767525,0.161661361877
hovel,0,0,0.212017482406,0.492688656734,0.29529386086
spoil,-1,-1,0.600980270761,0.223094801736,0.175924927504
insult,-1,-1,0.621294318304,0.216101886663,0.162603795034
impair,-1,-1,0.513829674679,0.312646308833,0.173524016488
liquor,0,0,0.433433248491,0.411471335816,0.155095415693
dismissive,-1,0,0.334644357157,0.299592095399,0.365763547445
coleslaw,0,0,0.247056711837,0.419793345831,0.333149942332
reject,-1,-1,0.571130231208,0.250604770185,0.178264998607
margarine,0,0,0.351649642095,0.475667703579,0.172682654325
pestilent,-1,-1,0.52039005435,0.32365123503,0.155958710621
eclectic,1,0,0.249337824903,0.377782954162,0.372879220935
sweet,1,0,0.151208455251,0.431704549398,0.417086995351
felicitous,1,0,0.237440122158,0.35320580373,0.409354074112
deceitfully,-1,-1,0.520095587908,0.340880339,0.139024073092
cloying,-1,-1,0.55476132882,0.278099771535,0.167138899645
hostel,0,0,0.303172305626,0.389393254229,0.307434440145
imposture,-1,-1,0.494002859238,0.280578620737,0.225418520025
flawless,1,1,0.101860388847,0.256967086425,0.641172524728
generously,1,0,0.312539804188,0.299533869838,0.387926325974
pleasurably,1,1,0.181131035115,0.27513362637,0.543735338515
scenery,0,0,0.338789502232,0.480485938475,0.180724559292
unappreciative,-1,-1,0.616086531465,0.180203673652,0.203709794883
lolly,0,0,0.374882563709,0.330618073477,0.294499362813
downside,-1,0,0.435977207399,0.405914330956,0.158108461646
felicitate,1,0,0.432813368309,0.343680423167,0.223506208525
candy,0,0,0.194171901941,0.589615211838,0.21621288622
avocado,0,0,0.309591015379,0.464201800506,0.226207184115
beneficially,1,-1,0.488783473647,0.323802013907,0.187414512446
coffee,0,0,0.321425282016,0.471158080883,0.207416637101
overcompensate,1,0,0.396886917923,0.315651586309,0.287461495768
rabid,-1,-1,0.690004784792,0.162460527516,0.147534687692
tire,-1,-1,0.465104860339,0.335349214623,0.199545925037
helpful,1,1,0.172349383865,0.297702175838,0.529948440296
unimportant,-1,-1,0.619567857265,0.211453145316,0.168978997419
profitable,1,1,0.183613002212,0.248863782773,0.567523215015
gross,-1,-1,0.542241137619,0.296556645908,0.161202216473
strudel,0,0,0.357420423358,0.464100707876,0.178478868766
deficiency,-1,0,0.389601642178,0.401978712983,0.208419644839
unaccommodating,-1,-1,0.54145659299,0.28551617049,0.17302723652
awe,1,1,0.189126053987,0.177848092532,0.633025853482
cravenly,-1,-1,0.515157991696,0.318834085249,0.166007923055
moron,-1,0,0.414527220586,0.438062871102,0.147409908312
inappropriate,-1,-1,0.486526676624,0.355903124003,0.157570199373
dessserts,0,0,0.454526332682,0.378223165838,0.16725050148
tamale,0,0,0.274289924518,0.558697035903,0.167013039579
"ill-used",-1,0,0.454526332682,0.378223165838,0.16725050148
importunate,-1,-1,0.500285160872,0.330856526855,0.168858312273
tasty,1,1,0.103741364123,0.290342259941,0.605916375936
disgustful,-1,-1,0.615738588254,0.20982620972,0.174435202026
milkshake,0,0,0.220956105029,0.517464281629,0.261579613342
thin,0,0,0.427030596637,0.418321443899,0.154647959463
rude,-1,-1,0.621886448978,0.231639205412,0.14647434561
dismay,-1,0,0.23800753873,0.402308705681,0.359683755588
happy,1,0,0.250849390867,0.330189877151,0.418960731982
satisfied,1,1,0.109020644179,0.252541207421,0.6384381484
good,1,1,0.127578401335,0.304488100843,0.567933497822
positive,1,1,0.142976070674,0.377602805146,0.479421124179
excellent,1,1,0.113917652419,0.385676922146,0.500405425434
flawless,1,1,0.101860388847,0.256967086425,0.641172524728
unimpaired,1,0,0.377700217657,0.343710504426,0.278589277917
unhappy,-1,0,0.228811795047,0.393772175435,0.377416029518
unsatisfied,-1,-1,0.509641443724,0.309397119,0.180961437276
bad,-1,-1,0.575625300393,0.264835049683,0.159539649924
negative,-1,-1,0.591821336912,0.245445334379,0.162733328709
poor,-1,-1,0.624164200213,0.220029243334,0.155806556453
flawed,-1,-1,0.56743701662,0.26712994956,0.165433033819
defective,-1,-1,0.515173801262,0.266360844973,0.218465353765
food,0,0,0.0946923725578,0.580028303752,0.32527932369
building,0,0,0.414823969413,0.39782128354,0.187354747046
administration,0,0,0.381036318462,0.463390213321,0.155573468217
people,0,0,0.256667468276,0.406828851369,0.336503680356
cars,0,0,0.154855510606,0.575035547793,0.270108941602
fruits,0,0,0.215291207802,0.496151358964,0.288557433234
evening,0,0,0.230713391785,0.50324906019,0.266037548026
lunch,0,0,0.258761279386,0.514830610125,0.226408110489
place,0,0,0.213665482984,0.572476571117,0.213857945899
dish,0,-1,0.509156655709,0.272647686492,0.218195657798
