word,Actual_Polarity,Calc_Polarity,NegativeSimilarity,NeutralSimilarity,PositiveSimilarity
outstand,1,1,0.0818679977493,0.253127726154,0.665004276097
disgust,-1,-1,0.99043506316,0.00660747504967,0.00295746179049
lighting,0,0,0.0194676197719,0.734694518266,0.245837861962
substandard,-1,-1,0.985273296233,0.0102488856712,0.00447781809573
worthlessly,-1,0,0.159575632762,0.574863418421,0.265560948817
calumniously,-1,0,0.159575632762,0.574863418421,0.265560948817
devious,-1,-1,0.917711597185,0.00498210442104,0.0773062983938
meatloaf,0,0,3.23093130044e-06,0.998176421072,0.00182034799719
hazelnut,0,0,1.91261953702e-06,0.998593250473,0.0014048369074
horrendously,-1,-1,0.993777188193,0.00281855365604,0.00340425815088
light,0,0,0.0661144740419,0.705698290695,0.228187235263
bother,-1,-1,0.954223603426,0.0257613423192,0.0200150542543
belligerently,-1,-1,0.987845359695,0.00152629030223,0.010628350003
marzipan,0,0,0.000163779314545,0.985853257641,0.0139829630444
practical,1,1,0.0167065450069,0.173710407563,0.80958304743
winningest,1,1,0.00940556883291,0.0763427027298,0.914251728437
extensive,1,1,0.00252589110239,0.0809631776135,0.916510931284
wheat,0,0,0.00167647275758,0.995538224445,0.00278530279714
cobweb,0,0,0.169163813513,0.774354785197,0.0564814012899
basil,0,0,3.35322991156e-06,0.997989627435,0.00200701933512
squab,0,0,0.000229462662375,0.983010762648,0.0167597746899
altruistic,1,1,0.0583873561269,0.0062233739786,0.935389269894
smutty,-1,-1,0.963263963398,0.0104784460737,0.0262575905286
ribbon,0,0,0.00173447411518,0.950971142707,0.0472943831778
grubby,-1,-1,0.966302677086,0.020339530636,0.0133577922781
teapot,0,0,0.0041743344262,0.978122877621,0.0177027879524
train,1,0,0.0617867778388,0.581563039373,0.356650182788
insupportably,-1,0,0.159575632762,0.574863418421,0.265560948817
celery,0,0,9.49486024311e-07,0.999168010862,0.000831039651674
monstrously,-1,-1,0.912489713547,0.0212720933068,0.0662381931465
aggressive,-1,-1,0.543320355538,0.03100091106,0.425678733402
entertain,1,1,0.0225222801437,0.0643561497297,0.913121570127
disgust,-1,-1,0.99043506316,0.00660747504967,0.00295746179049
price,0,0,0.032201764463,0.858201141545,0.109597093992
kickass,-1,1,0.0168100505374,0.0710926899131,0.912097259549
pan,0,0,0.00413258046527,0.962666787316,0.0332006322183
revere,1,1,0.00714267991456,0.00640946863959,0.986447851446
indecently,-1,1,0.416752601848,0.027090725816,0.556156672336
accomodative,1,1,0.200080821631,0.121903177473,0.678016000896
repressive,-1,-1,0.967605666515,0.00504641197619,0.0273479215086
illogic,-1,-1,0.981969816877,0.00686096044136,0.0111692226817
torpidity,-1,-1,0.650153309679,0.155527563581,0.19431912674
ridiculous,-1,-1,0.983783036293,0.00524281958934,0.0109741441174
sicken,-1,-1,0.963015519951,0.0230518525224,0.0139326275267
transcendent,1,1,0.000499406441884,0.00141255010352,0.998088043455
acrid,-1,-1,0.812881627521,0.15057170889,0.0365466635895
grumpily,-1,-1,0.98150088534,0.0110269879511,0.00747212670921
enchant,1,1,4.21160389253e-05,0.00159966179629,0.998358222165
enchantingly,1,1,0.00552976167434,0.033612216646,0.96085802168
saute,0,0,7.41225726393e-06,0.997013000736,0.00297958700713
cognac,0,0,0.000151505044616,0.986403358214,0.0134451367411
appalling,-1,-1,0.993144850339,0.000842754892159,0.00601239476883
insult,-1,-1,0.996433976247,0.00249338299885,0.00107264075461
appropriate,1,1,0.273013065292,0.106092201977,0.620894732731
walnut,0,0,1.87825129412e-06,0.998522529683,0.00147559206548
apprehensively,-1,-1,0.439676167228,0.133912331808,0.426411500964
handsomely,1,1,0.00398896798702,0.00811350458435,0.987897527429
peppy,1,1,0.00126573044952,0.00536397435517,0.993370295195
derogatory,-1,-1,0.990743937628,0.00711325918473,0.0021428031872
kiwi,0,0,0.00403224795741,0.96437043325,0.0315973187928
scornfully,-1,-1,0.99280412806,0.00184582099693,0.00535005094288
gelatin,0,0,2.09374926883e-05,0.995079876567,0.00489918594042
rotten,-1,-1,0.936539826523,0.0560913217191,0.00736885175799
harshly,-1,-1,0.991520469859,0.00166764771378,0.00681188242748
roll,0,0,0.0377419103374,0.639241768073,0.32301632159
abrupt,-1,-1,0.855789610179,0.0395121630183,0.104698226802
talented,1,1,7.18865460612e-05,0.00195165435919,0.997976459095
huge,0,1,0.0436679967955,0.302715054176,0.653616949029
heavenly,1,1,0.00302050854311,0.0603781324039,0.936601359053
rapture,1,1,0.102645992309,0.0272208218635,0.870133185827
regrettable,-1,-1,0.920054684253,0.00745638852626,0.0724889272209
meal,0,0,7.77392211047e-05,0.990146339548,0.00977592123071
mess,-1,-1,0.967115106743,0.0298206435796,0.0030642496774
clam,0,0,0.00386517390511,0.990633552449,0.00550127364598
slowwww,-1,0,0.159575632762,0.574863418421,0.265560948817
request,0,0,0.020693550579,0.644728019259,0.334578430162
thankful,1,1,0.00347827096231,0.0218714243315,0.974650304706
delectation,1,1,0.0459866110585,0.141205475699,0.812807913243
awesomely,1,1,0.0337224140735,0.0375213022019,0.928756283725
beauty,1,1,0.00430247529335,0.153895539235,0.841801985472
majestic,1,1,0.00010858294576,0.00492028014318,0.994971136911
exquisite,1,1,6.10731313943e-05,0.00946417975369,0.990474747115
entire,0,-1,0.358826761561,0.342691739694,0.298481498746
hartshorn,0,0,0.159575632762,0.574863418421,0.265560948817
valiant,1,1,0.0405893882575,0.00457199343768,0.954838618305
magnificent,1,1,6.01800593931e-06,0.00160169739316,0.998392284601
ration,0,0,0.0685025895304,0.901700231693,0.0297971787771
seedy,-1,-1,0.916748284436,0.0553815305009,0.0278701850631
guava,0,0,6.33199124714e-06,0.997262840476,0.00273082753266
joyfully,1,1,0.00444057811504,0.00787824895145,0.987681172934
marinara,0,0,4.32670665956e-06,0.997848520277,0.00214715301605
disastrously,-1,-1,0.987746340374,0.00507303490237,0.00718062472334
overcharge,-1,-1,0.910851328988,0.072834171101,0.0163144999107
disgraceful,-1,-1,0.998366625225,0.000480418597393,0.00115295617742
atrocious,-1,-1,0.968384484857,0.00122532508499,0.030390190058
maliciously,-1,-1,0.98843392039,0.00564085064736,0.00592522896301
sloooow,-1,-1,0.44347641696,0.271379326681,0.285144256359
uncivil,-1,-1,0.998294419662,0.000416671432423,0.00128890890589
burger,0,0,1.01368511876e-06,0.999087199339,0.000911786975996
spirited,1,1,0.00362791112438,0.00352584761978,0.992846241256
tremendous,1,1,0.00119197612023,0.0138921026978,0.984915921182
nauseate,-1,-1,0.930396127968,0.0264179718496,0.043185900182
trashy,-1,-1,0.957907106928,0.0191768293812,0.0229160636908
spurious,-1,-1,0.970347944546,0.0210864448394,0.00856561061496
servant,0,1,0.132326718516,0.21392787355,0.653745407934
compliment,1,1,0.00749808193619,0.046785181307,0.945716736757
malevolently,-1,-1,0.962028617231,0.0155012889581,0.0224700938105
regrettably,-1,-1,0.890249153837,0.0353569563915,0.0743938897714
"high_quality",1,0,0.159575632762,0.574863418421,0.265560948817
macaroon,0,0,2.5044412263e-05,0.995169420874,0.00480553471357
bitch,-1,-1,0.945608744037,0.0485668605846,0.00582439537793
blissful,1,1,0.00335461403049,0.00600629873774,0.990639087232
unusable,-1,-1,0.947294860226,0.0410896025385,0.0116155372357
abundant,1,1,0.00666122966099,0.0650216754691,0.92831709487
wholesome,1,1,0.00333184920489,0.0345906218984,0.962077528897
hall,0,0,0.0422494286093,0.863445270903,0.0943053004878
complacent,-1,-1,0.970113688321,0.00514976495485,0.0247365467244
delivery,0,0,0.0452807575414,0.720124484653,0.234594757806
passivity,-1,-1,0.984631323151,0.00454335125344,0.0108253255957
harmful,-1,-1,0.970866813553,0.0130052645705,0.0161279218766
delectable,1,1,0.000513793929986,0.129159053861,0.870327152209
valiantly,1,1,0.0838606653462,0.0132724062439,0.90286692841
section,0,0,0.297420519006,0.659825985682,0.0427534953112
confusing,-1,-1,0.979377364102,0.0126212555351,0.00800138036327
talent,1,1,0.00438166527142,0.0680270657676,0.927591268961
enthusiastically,1,1,0.00379980939907,0.0113575578321,0.984842632769
smugly,-1,-1,0.848183506757,0.0114713179174,0.140345175326
glad,1,1,0.0115265231959,0.0676380074664,0.920835469338
pickle,0,0,0.0149090291455,0.975897401818,0.00919356903629
ladyfinger,0,0,0.00126836847482,0.992437445322,0.00629418620367
grandioso,1,0,0.159575632762,0.574863418421,0.265560948817
pomegranate,0,0,2.00362304138e-05,0.995071706064,0.00490825770569
corner,0,0,0.242626071901,0.607127786411,0.150246141688
merit,1,1,0.182450257966,0.239784305997,0.577765436037
stupidly,-1,-1,0.983454301443,0.00556063479852,0.0109850637589
basic,0,1,0.0881489086884,0.413019090675,0.498832000636
disrespectfully,-1,-1,0.99302364795,0.00450019435119,0.00247615769841
caviar,0,0,6.72112043497e-06,0.997260653716,0.00273262516328
poor,-1,-1,0.996390850665,0.00259845910899,0.00101069022568
lemon,0,0,0.00220632804357,0.993493695302,0.00429997665449
"ill-favored",-1,0,0.159575632762,0.574863418421,0.265560948817
option,0,0,0.0532507658731,0.705400187274,0.241349046853
cabernet,0,0,0.000230580709194,0.982830910177,0.0169385091135
legume,0,0,0.00100375259612,0.991654987813,0.00734125959102
acceptable,1,1,0.40082238896,0.0581559883035,0.541021622736
virtuously,1,1,0.0860441201291,0.0687534029396,0.845202476931
curry,0,0,3.53975134252e-06,0.99840595511,0.00159050513896
trust,1,-1,0.586617692434,0.185516886566,0.227865421
snob,0,-1,0.357310841407,0.321014521995,0.321674636598
caper,0,0,0.199112704532,0.690672066039,0.110215229428
hoodwink,-1,-1,0.970336881426,0.0091268869306,0.0205362316436
grit,0,1,0.0406415097796,0.206648045648,0.752710444572
subpar,-1,-1,0.946258914127,0.00614880992059,0.047592275952
damn,-1,-1,0.742536575109,0.0905960618014,0.16686736309
rile,-1,-1,0.976939730552,0.00757530239759,0.0154849670504
wrap,0,0,0.0375983051788,0.772277382164,0.190124312657
caraway,0,0,0.000121471115323,0.987711769895,0.0121667589897
order,0,0,0.103828278378,0.765387551861,0.130784169761
frustrate,-1,-1,0.956592498208,0.00432691563568,0.0390805861563
imaginative,1,1,0.000378275780632,0.00466093338218,0.994960790837
ineloquently,-1,0,0.159575632762,0.574863418421,0.265560948817
fuss,-1,-1,0.51436187634,0.163398597702,0.322239525957
stupidity,-1,-1,0.993790294952,0.00344342406984,0.00276628097809
pastry,0,0,4.17972305562e-07,0.999315348393,0.000684233634949
overpay,0,-1,0.594005103424,0.202618635319,0.203376261257
wedding,0,0,0.00368416623866,0.930394946549,0.0659208872125
festive,1,1,0.0054886650578,0.377932878861,0.616578456081
terrace,0,0,0.00319182340037,0.946231287151,0.0505768894484
agave,0,0,1.10296816394e-05,0.996354611747,0.00363435857175
riveting,1,1,0.0124416819202,0.00280373663696,0.984754581443
alarm,-1,-1,0.68789331788,0.262638516671,0.049468165449
scene,0,0,0.0533919138339,0.609508462604,0.337099623562
inhospitable,-1,-1,0.810294256913,0.0102174678475,0.179488275239
unhappiness,-1,-1,0.978973081929,0.00655993516151,0.0144669829096
flower,0,0,0.000462175895069,0.975694774446,0.0238430496593
nark,1,-1,0.819568076228,0.158311047458,0.0221208763144
enjoyable,1,1,2.30400157887e-06,2.31170881041e-06,0.99999538429
toffee,0,0,7.92909517342e-05,0.990337246696,0.00958346235184
skewer,0,0,0.10189701107,0.782338796444,0.115764192486
wondrous,1,1,0.000417074553344,0.00263299374526,0.996949931701
gourmet,1,0,0.000117573653458,0.96487750227,0.0350049240769
worry,-1,-1,0.874206368755,0.0830307554333,0.0427628758115
haddock,0,0,5.18847161819e-06,0.997791311518,0.00220350001084
bemuse,-1,1,0.404709112388,0.0221437924876,0.573147095124
"ill-natured",-1,0,0.159575632762,0.574863418421,0.265560948817
caffe,0,0,0.0007264734226,0.969127454324,0.0301460722538
inedible,-1,0,0.443445429008,0.546070938744,0.0104836322482
fry,0,0,0.0100487179929,0.984467087872,0.00548419413531
adverse,-1,-1,0.813374146241,0.0810376293892,0.10558822437
appetizer,0,0,2.04434568919e-05,0.995132254823,0.00484730172043
tender,1,1,0.00589116357182,0.30592734661,0.688181489819
sickly,-1,-1,0.939628332205,0.0310662134941,0.0293054543011
pear,0,0,1.52206172213e-06,0.998674864951,0.00132361298753
betray,-1,-1,0.956807090457,0.0100880527875,0.0331048567555
atmoshere,0,0,0.159575632762,0.574863418421,0.265560948817
affectionate,1,1,0.00212789145661,0.00177502029143,0.996097088252
annoy,-1,-1,0.988158150544,0.00511609573061,0.00672575372578
succotash,0,0,0.000240642596844,0.98268406536,0.0170752920436
tinny,-1,-1,0.807475499889,0.116741548572,0.0757829515389
deplore,-1,-1,0.989059477894,0.00399041571479,0.00695010639148
cantaloupe,0,0,1.2608030969e-06,0.998964838306,0.00103390089124
kabob,0,0,1.01408635401e-05,0.996498280063,0.00349157907321
boring,-1,-1,0.945095453778,0.00817989381266,0.0467246524091
feeble,-1,-1,0.990740071754,0.00161366154185,0.00764626670407
crude,-1,0,0.439782771253,0.471879744074,0.0883374846724
lobster,0,0,3.44154510447e-06,0.998042583095,0.00195397535985
wild_rice,0,0,0.159575632762,0.574863418421,0.265560948817
desk,0,0,0.0634795556923,0.86314565921,0.0733747850973
frontman,0,-1,0.410984624806,0.255727921964,0.33328745323
enticing,1,1,0.0169297956114,0.0235024703558,0.959567734033
authentic,1,1,0.000908665729962,0.0809705100764,0.918120824194
overrate,-1,-1,0.865408836035,0.0110205491218,0.123570614843
dirty,0,-1,0.955329974424,0.032378556053,0.0122914695225
cucumber,0,0,1.40743017091e-05,0.996058828031,0.00392709766723
gloriously,1,1,0.0302160279096,0.00781646972478,0.961967502366
terrible,-1,-1,0.996359518594,0.00188073330709,0.00175974809881
affordably,1,1,0.00265643098992,0.0826142234059,0.914729345604
harassment,-1,-1,0.949654401666,0.0419566380104,0.00838896032374
melt,1,0,0.0580903221831,0.7040512725,0.237858405316
heartily,1,1,0.00833965901245,0.0363437124991,0.955316628488
overzealous,-1,-1,0.991735659572,0.00581122485493,0.0024531155728
heavy-handed,-1,0,0.159575632762,0.574863418421,0.265560948817
gluten,0,0,0.00403231425438,0.990571783906,0.00539590183947
heartless,-1,-1,0.996801321886,0.000633396978482,0.00256528113549
endear,1,1,0.182253033269,0.00285723039303,0.814889736338
slanderous,-1,-1,0.995376786606,0.00300504640347,0.0016181669905
comfort,0,1,0.0114812284924,0.12434115543,0.864177616077
syrah,0,0,0.000134007508073,0.986993373179,0.0128726193127
montparnasse,0,0,0.159575632762,0.574863418421,0.265560948817
gracefully,1,1,0.000866406963391,0.00257702862055,0.996556564416
nasty,-1,-1,0.978160125155,0.0102012038796,0.0116386709653
hysterically,-1,-1,0.986169004796,0.0030953152565,0.0107356799474
pudding,0,0,2.02943492118e-05,0.99507608014,0.00490362551041
motel,0,0,0.060861814402,0.925210153672,0.0139280319258
veggies,0,0,4.43500544865e-06,0.997693307099,0.00230225789519
antipasto,0,0,1.00690187565e-05,0.99650342409,0.00348650689173
torpiness,-1,0,0.159575632762,0.574863418421,0.265560948817
treacherously,-1,-1,0.846062845806,0.0371195682267,0.116817585967
food,0,0,0.00142163295533,0.992608889931,0.00596947711387
smooth,1,1,0.00245607290633,0.0248377932529,0.972706133841
pack,-1,0,0.0984136157291,0.716378933564,0.185207450706
torturous,-1,-1,0.937019691397,0.00765675551347,0.0553235530892
blameless,1,-1,0.972078911192,0.00170337646671,0.026217712341
busboy,0,0,0.0587976344495,0.904988149094,0.036214216456
fromager,0,0,0.04301935838,0.645487988485,0.311492653135
annihilate,-1,-1,0.79115528301,0.0168443379004,0.19200037909
success,1,1,0.00754289281449,0.0810175306122,0.911439576573
balsamic,0,0,1.04563680534e-05,0.996436926309,0.00355261732277
bean,0,0,5.182711759e-06,0.998065418317,0.00192939897134
doughnut,0,0,0.159575632762,0.574863418421,0.265560948817
uncompetitive,-1,-1,0.989428465629,0.00606166132152,0.00450987304917
next,0,0,0.0152979938646,0.571349908162,0.413352097973
dark,0,1,0.372483878676,0.23096246094,0.396553660384
awe,1,1,0.00215342450489,0.00486606643926,0.992980509056
piteous,-1,-1,0.980028384366,0.0038587925133,0.0161128231211
hilarious,1,1,0.113492256675,0.0108150366796,0.875692706645
outperformance,1,1,0.0409939476758,0.244787587166,0.714218465158
arrogant,-1,-1,0.996793302111,0.000307307528963,0.00289939035989
thai,0,0,0.058697546623,0.870211067726,0.0710913856508
attractively,1,1,0.00192641421761,0.0204061354169,0.977667450366
"%c%c*bread",0,0,0.159575632762,0.574863418421,0.265560948817
sarcastically,-1,-1,0.924583846882,0.0348257890841,0.0405903640341
present,0,1,0.014664504446,0.220992766624,0.76434272893
joint,0,0,0.118540129798,0.688937895829,0.192521974373
alcohol,0,0,0.025382007188,0.963242967088,0.0113750257239
discontented,-1,-1,0.956910891472,0.00673920296089,0.0363499055672
sparerib,0,0,0.159575632762,0.574863418421,0.265560948817
appallingly,-1,-1,0.994519946192,0.00112612897888,0.00435392482873
staid,-1,1,0.274796078812,0.0195354191926,0.705668501996
shrimp,0,0,2.67155277255e-07,0.999549060224,0.000450672620677
throw,-1,0,0.250273216005,0.610461937792,0.139264846203
waitstaffs,0,0,0.0814054981067,0.589653257536,0.328941244357
costly,0,-1,0.910711551531,0.0297509858017,0.0595374626676
ashamed,-1,-1,0.98704143887,0.00227418432307,0.0106843768071
quarrelsome,-1,-1,0.971384927403,0.00789988777783,0.0207151848195
mussles,0,0,0.159575632762,0.574863418421,0.265560948817
ingeniously,1,1,0.0175102617567,0.0312473103763,0.951242427867
brutally,-1,-1,0.861076434558,0.02593198911,0.112991576332
disgust,-1,-1,0.99043506316,0.00660747504967,0.00295746179049
unprofitable,-1,-1,0.831572539248,0.0624391390121,0.105988321739
nectar,0,0,0.000291700844946,0.953637399905,0.04607089925
calumnious,-1,-1,0.976740451312,0.0114072327002,0.011852315988
simple,0,1,0.00513584757624,0.074951412898,0.919912739526
defamatory,-1,-1,0.983581466983,0.00541323328305,0.0110052997338
run-down,-1,0,0.159575632762,0.574863418421,0.265560948817
bounteous,1,1,0.00217830479038,0.0189939507028,0.978827744507
dishonorablely,-1,0,0.159575632762,0.574863418421,0.265560948817
flounder,0,0,0.078992220041,0.883282167427,0.0377256125318
mousse,0,0,1.78863445211e-05,0.995388147757,0.00459396589819
ramshackle,-1,-1,0.679292833219,0.13819102731,0.182516139471
quaint,1,1,0.0505085247894,0.109631369327,0.839860105883
top_notch,1,0,0.159575632762,0.574863418421,0.265560948817
sweetness,1,1,0.0017435579628,0.377252031685,0.621004410352
crowd,-1,1,0.0251035215713,0.258339261155,0.716557217274
ignorance,-1,-1,0.98576520657,0.00831569555987,0.00591909787033
ramp,0,0,0.0798245532944,0.659075015061,0.261100431645
overprice,-1,-1,0.938966439226,0.0489747411687,0.0120588196049
tiresome,-1,-1,0.986765168296,0.00180952278677,0.0114253089177
must,1,1,0.0107101698675,0.144509652779,0.844780177354
occasion,0,1,0.0114434165783,0.192720600575,0.795835982847
scant,-1,-1,0.657794550443,0.132309729128,0.209895720429
snobish,-1,0,0.159575632762,0.574863418421,0.265560948817
beat,-1,1,0.0160603757571,0.159583445265,0.824356178978
stellar,1,1,0.000854615426131,0.00289940675148,0.996245977822
impressively,1,1,0.000425352040384,0.00233900356384,0.997235644396
disparage,-1,-1,0.965755377588,0.00510477045257,0.0291398519593
heaviness,-1,1,0.315264809981,0.251694247417,0.433040942602
borscht,0,0,2.793552055e-05,0.994336520917,0.00563554356275
view,0,1,0.149324860144,0.395563907683,0.455111232174
dreck,-1,-1,0.971062038208,0.0109163830471,0.0180215787446
admiration,1,1,0.00148124677233,0.00399169238533,0.994527060842
belittle,-1,-1,0.989143286895,0.00366143561706,0.00719527748837
cram,-1,-1,0.608897651718,0.26875458101,0.122347767272
collard,0,0,2.08283028937e-05,0.995326543151,0.00465262854577
pecan,0,0,6.47120491066e-07,0.999151991196,0.000847361683075
masterful,1,1,1.09731199419e-06,5.99620014659e-07,0.999998303068
great,0,1,0.0001262885356,0.0131137285125,0.986759982952
cook,0,0,2.1780801601e-05,0.995080746498,0.00489747269996
souffle,0,0,0.000389060960962,0.977925362741,0.0216855762981
high-spirited,1,0,0.159575632762,0.574863418421,0.265560948817
beautiful,1,1,2.28874666436e-05,0.0059336824017,0.994043430132
surpass,1,1,0.0094935757783,0.0316271176368,0.958879306585
chick,0,0,0.114034575857,0.828190984333,0.0577744398096
refresh,1,1,0.0275342110435,0.349805435975,0.622660352982
water,0,0,0.0275961823444,0.952565793658,0.0198380239978
stuffy,-1,-1,0.866394368925,0.0592774143611,0.0743282167136
dextrous,1,1,0.00222844597144,0.00381138493454,0.993960169094
uninteresting,-1,-1,0.978433147388,0.00472441183035,0.0168424407814
swordfish,0,0,8.84466380346e-06,0.997012182874,0.00297897246253
endear,1,1,0.182253033269,0.00285723039303,0.814889736338
cheerless,-1,-1,0.968347896469,0.00655602409502,0.0250960794362
dreadful,-1,-1,0.971451743873,0.00210600958323,0.0264422465435
accomodating,1,1,0.0129401332867,0.0500085905288,0.937051276185
healthy,1,1,0.00317345023524,0.0626517107692,0.934174838996
feebleminded,-1,-1,0.976827060407,0.014210607328,0.00896233226531
elegant,1,1,4.94932656037e-05,0.0094127718203,0.990537734914
presumptuously,-1,-1,0.807824956385,0.0275491660173,0.164625877598
slanderously,-1,-1,0.862633685917,0.0957722302131,0.0415940838694
granola,0,0,5.60718079301e-05,0.992260587488,0.00768334070443
anchovy,0,0,7.73530114639e-06,0.997272595746,0.0027196689527
true,0,1,0.011341148605,0.056669096488,0.931989754907
kohlrabi,0,0,2.61515930273e-05,0.994469904648,0.00550394375912
dolt,-1,-1,0.975659279161,0.0119175373013,0.0124231835375
guiness,0,0,0.0259322509358,0.777678514556,0.196389234508
perverse,-1,-1,0.980362715241,0.00226128354606,0.0173760012129
woeful,-1,-1,0.965242744318,0.00332683007042,0.0314304256116
citronella,0,0,0.00193286945478,0.9865161455,0.0115509850453
humourous,1,1,0.0777026211056,0.0246755039242,0.89762187497
kringle,0,0,4.90462983252e-05,0.99232461418,0.0076263395219
sneakily,-1,-1,0.893043326114,0.0470645134483,0.0598921604379
ineffectively,-1,-1,0.99335200588,0.00257835505312,0.00406963906718
scrumptious,1,1,0.000398345047729,0.456979045435,0.542622609517
idiot,-1,-1,0.96761842587,0.0196768494292,0.0127047247011
stylish,1,1,5.50566462685e-05,0.00849060043292,0.991454342921
ominously,-1,-1,0.967444072149,0.00796437011143,0.0245915577395
patty,0,0,1.48356051161e-06,0.998758220671,0.00124029576832
kingfish,0,0,1.25560516175e-05,0.996410242166,0.00357720178212
irreproachable,1,1,0.00159357829677,0.00119673375278,0.99720968795
greatness,1,1,0.000663569135226,0.00238639857338,0.996950032291
nightmarish,-1,-1,0.961068502104,0.00524019674452,0.0336913011517
vulgar,-1,-1,0.986128456028,0.0031348143177,0.0107367296546
fish,0,0,0.00153559891928,0.995098262549,0.00336613853187
chutney,0,0,9.53875136144e-06,0.996602684147,0.00338777710177
negligent,-1,-1,0.965977148154,0.00817312249158,0.0258497293542
selection,0,0,0.0120770004207,0.49859611345,0.48932688613
artwork,0,0,0.00564329130446,0.822935104384,0.171421604311
menu,0,0,6.11694426088e-05,0.991382617429,0.00855621312811
plague,-1,-1,0.968227252225,0.0207689717695,0.0110037760058
listlessness,-1,-1,0.964142132671,0.022051758556,0.0138061087735
judicious,1,1,0.00817603127556,0.0255742209697,0.966249747755
hostess,0,0,0.00583999073678,0.7520553044,0.242104704864
guiltily,-1,-1,0.832575474163,0.0914813137818,0.0759432120553
hash,0,0,0.0294868037465,0.945332510425,0.0251806858287
friend,0,0,0.0164413174019,0.5464676642,0.437091018398
credulous,-1,-1,0.979594529968,0.00285394155224,0.01755152848
overlook,-1,1,0.393333442603,0.14261515227,0.464051405127
hideously,-1,-1,0.987444686065,0.0073456243612,0.00520968957428
unforgetable,1,1,0.00746611492393,0.0539417778557,0.93859210722
excellant,1,1,0.0167691834652,0.121562259446,0.861668557089
strange,-1,-1,0.777212974574,0.0242941153193,0.198492910107
sickeningly,-1,-1,0.902229199379,0.0131179140115,0.0846528866099
place,0,0,0.054648716587,0.83783112932,0.107520154093
mincemeat,0,1,0.23074634815,0.381244912609,0.388008739242
straw,0,0,0.282695069093,0.699831818092,0.0174731128148
improvement,1,1,0.0550450230091,0.253690422637,0.691264554354
deceive,-1,-1,0.971611831254,0.00622269725426,0.0221654714913
appal,-1,-1,0.851364336799,0.0140576275536,0.134578035647
dastardly,-1,-1,0.939757851691,0.00703706884251,0.0532050794669
devour,1,1,0.294119625445,0.262461159344,0.44341921521
"ill-fated",-1,0,0.159575632762,0.574863418421,0.265560948817
nastily,-1,-1,0.983591155494,0.0117014027984,0.0047074417073
acerbically,-1,-1,0.856141066303,0.0200184545557,0.123840479141
martini,0,0,1.38624590556e-05,0.995934226766,0.00405191077521
malicious,-1,-1,0.972708832441,0.0104658006322,0.0168253669266
flavor,0,0,0.000230995541666,0.983131435056,0.0166375694026
granite,0,0,0.000498502129954,0.974655231279,0.024846266591
friendly,1,1,0.00156956611343,0.017511109159,0.980919324728
morel,0,0,1.80784789723e-05,0.995454275434,0.00452764608726
fearful,-1,-1,0.989804332045,0.00589485228116,0.0043008156743
admirably,1,1,1.92697638281e-06,1.04984083878e-06,0.999997023183
infamously,-1,-1,0.976293708563,0.0167053946795,0.00700089675732
delight,1,1,5.20366314473e-05,0.00332855870381,0.996619404665
cocoa,0,0,2.52435840612e-05,0.994972670241,0.00500208617503
aesthetics,0,1,0.0220122701364,0.32037639991,0.657611329953
humorless,-1,-1,0.997701653705,0.000448222865153,0.00185012342982
classy,1,1,9.63706713474e-05,0.00364474856045,0.996258880768
sommelier,0,0,0.000501767989553,0.912073677944,0.0874245540664
counter,0,0,0.38656292602,0.560804247421,0.0526328265585
showeroom,0,0,0.159575632762,0.574863418421,0.265560948817
sinister,-1,-1,0.986287792425,0.00341144719434,0.0103007603809
joyously,1,1,0.0049337174033,0.00577009808965,0.989296184507
excel,1,1,0.00241502129137,0.0139247958911,0.983660182818
pea,0,0,0.00342452618328,0.991002918752,0.00557255506452
badly,-1,-1,0.920446439274,0.0391611217267,0.0403924389993
stupendously,1,1,0.206107841321,0.0164506262882,0.777441532391
dollar,0,0,0.215308317531,0.72570218986,0.0589894926092
stylishly,1,1,0.00211371110821,0.0112380469016,0.98664824199
obscenely,-1,-1,0.946412785983,0.0103927208888,0.0431944931278
irk,-1,-1,0.988436433669,0.00100090361044,0.0105626627206
sumptuous,1,1,0.000798503481369,0.0415258747064,0.957675621812
inability,-1,-1,0.956390887593,0.0299424213297,0.0136666910777
roofdeck,0,0,0.0195087108353,0.846402695535,0.13408859363
bulky,-1,-1,0.72653933682,0.116224985362,0.157235677817
raging,-1,-1,0.682699920613,0.198350985441,0.118949093946
misbegotten,-1,-1,0.987849997444,0.00562403196863,0.00652597058729
transcend,1,1,0.00815445247594,0.00448206015603,0.987363487368
luminary,1,1,0.0203178344414,0.165693464927,0.813988700632
junk,-1,-1,0.62907262097,0.353599908256,0.0173274707741
"so-so",-1,0,0.159575632762,0.574863418421,0.265560948817
surround,0,1,0.0809076555673,0.300748923756,0.618343420676
deliver,0,1,0.0210734547836,0.118516532151,0.860410013066
unwatchable,-1,-1,0.985126481023,0.00180341388817,0.0130701050887
loveable,1,1,0.00987624124192,0.0077053044642,0.982418454294
soda,0,0,0.00409503431652,0.994424215063,0.00148075062023
successfully,1,1,0.0224521298588,0.0815064730988,0.896041397042
enchant,1,1,4.21160389253e-05,0.00159966179629,0.998358222165
bungle,-1,-1,0.973288433192,0.0241542768361,0.00255728997208
unpalatable,-1,-1,0.963154791235,0.017371973132,0.0194732356331
indifferent,-1,-1,0.988918912748,0.00092725194579,0.0101538353065
yellowtail,0,0,4.29223310323e-05,0.992884673659,0.00707240401013
resort,0,0,0.0792683487284,0.808389551203,0.112342100068
nefariously,-1,-1,0.976076130242,0.0142837768692,0.00964009288922
patio,0,0,0.000450863352672,0.975605531387,0.0239436052599
adroit,1,1,0.00281362558225,0.000789373506627,0.996397000911
dependable,1,1,6.03294394165e-05,0.00455583552583,0.995383835035
spice,0,0,0.00303819701365,0.958710192964,0.0382516100228
despondently,-1,-1,0.825271342445,0.0830240219401,0.0917046356147
bluefish,0,0,1.68098855559e-05,0.996335838474,0.00364735164057
nuisance,-1,-1,0.964009111215,0.0280672080783,0.00792368070689
cappuccino,0,0,3.05744500726e-05,0.994285687651,0.0056837378985
own,0,1,0.15111199076,0.248648193291,0.600239815949
honesty,1,1,0.0422620210244,0.0455680211205,0.912169957855
quality,0,1,0.01640741573,0.281137806532,0.702454777738
blissfully,1,1,0.104289090222,0.0120936333681,0.88361727641
staunch,1,1,0.112662230362,0.0391786127041,0.848159156934
sangria,0,0,3.61196912337e-06,0.997916290426,0.00208009760512
okra,0,0,1.72244603903e-05,0.995812706327,0.00417006921218
cocktail,0,0,0.00182977438533,0.987933868432,0.0102363571827
maladjusted,-1,-1,0.993429644802,0.00111169842048,0.00545865677721
wayward,-1,-1,0.918694212977,0.0117838808998,0.0695219061234
prosperous,1,1,0.00295696567485,0.0314841254692,0.965558908856
zwieback,0,0,0.159575632762,0.574863418421,0.265560948817
cruelly,-1,-1,0.957511108041,0.0031059066111,0.0393829853482
trustworthy,1,1,0.003599179839,0.00741953842859,0.988981281732
decent,0,1,0.0545637081898,0.0218609050819,0.923575386728
disappointingly,-1,-1,0.765417672659,0.0162204334303,0.218361893911
pics,0,0,0.126899579397,0.57583248335,0.297267937253
breathtaking,1,1,0.000306612226397,0.00177224504804,0.997921142726
despairing,-1,-1,0.939152701383,0.00370916159862,0.0571381370184
mango,0,0,7.14213574228e-06,0.99706991241,0.00292294545382
adoringly,1,1,0.04646648016,0.0222089813824,0.931324538458
tortilla,0,0,6.77964562904e-07,0.999410256503,0.000589065532857
asinine,-1,-1,0.993411983287,0.00217609606278,0.00441192064979
irresponsible,-1,-1,0.997820874753,0.000830895698097,0.00134822954906
detrimental,-1,-1,0.971976406214,0.00805150694616,0.0199720868402
candle,0,0,0.000468763858169,0.975244308574,0.0242869275682
enthrall,1,1,0.000135330623681,0.00125157326848,0.998613096108
spumoni,0,0,0.00116166194961,0.95999601248,0.0388423255704
abalone,0,0,5.91106024027e-07,0.99925271906,0.000746689834258
angelic,1,1,0.00618701568775,0.00468483130063,0.989128153012
fresh,0,1,0.00194987802255,0.43534267852,0.562707443458
fondue,0,0,2.81722185335e-06,0.998160845141,0.00183633763737
just,0,0,0.344581047105,0.490627974126,0.164790978769
coke,0,0,0.0245187641662,0.971988602643,0.00349263319047
inequitably,-1,-1,0.959928630348,0.0254129406291,0.0146584290233
brownie,0,0,0.0127555326693,0.96595757698,0.0212868903509
avariciously,-1,0,0.226077064503,0.390915039614,0.383007895883
reliable,1,1,0.000121668563517,0.0104835930723,0.989394738364
hostile,-1,-1,0.988549290249,0.00228606722334,0.00916464252733
music,0,0,0.012351597373,0.580587571257,0.40706083137
diverse,0,1,0.00209035709654,0.0282922340858,0.969617408818
turnip,0,0,0.0133467581713,0.984759895362,0.00189334646658
felony,-1,0,0.407242692838,0.444619690435,0.148137616727
trendi,1,0,0.159575632762,0.574863418421,0.265560948817
trout,0,0,4.0696735526e-05,0.993133004893,0.00682629837152
cataclysmically,-1,-1,0.897801291669,0.0463654162643,0.055833292067
insufferably,-1,-1,0.97987947365,0.00192929443084,0.0181912319192
fillet,0,0,6.99087589039e-06,0.997147952844,0.00284505627976
meaningless,-1,-1,0.987203812046,0.0039140830884,0.00888210486568
fudge,0,0,0.0122077668239,0.981396255295,0.00639597788139
return,0,-1,0.653569050451,0.218333360975,0.128097588574
jealous,-1,-1,0.951946563851,0.01173233334,0.0363211028094
repugnant,-1,-1,0.991189717407,0.00140111324497,0.00740916934754
decoration,0,0,0.0026999734247,0.948876687525,0.0484233390504
bouillabaisse,0,0,5.54551668948e-05,0.992091134724,0.0078534101095
"ill-tempered",-1,0,0.159575632762,0.574863418421,0.265560948817
ecstatically,1,1,0.00413878414109,0.00364712141357,0.992214094445
careless,-1,-1,0.994969981397,0.00251252005801,0.00251749854503
various,0,1,0.0967757790308,0.430638564315,0.472585656655
kitchen,0,0,5.0589287889e-05,0.992441778366,0.00750763234623
unsupportive,-1,-1,0.997677774456,0.000859752774898,0.00146247276927
valuable,1,1,0.00650100683546,0.0224185512592,0.971080441905
inexpert,-1,-1,0.953002807241,0.0166827862945,0.0303144064649
venomous,-1,-1,0.921692376274,0.00343167232468,0.0748759514018
beneficent,1,1,0.00568667568573,0.00232137577182,0.991991948542
villainously,-1,-1,0.75357997041,0.0687214606395,0.17769856895
wary,-1,-1,0.898039613579,0.0267895757674,0.0751708106536
amiss,-1,-1,0.848451518069,0.0388373486612,0.11271113327
jelly,0,0,0.0032714650229,0.988364542464,0.00836399251273
appall,-1,-1,0.973615746207,0.00476285807664,0.0216213957164
advocate,1,1,0.0825387377012,0.343173508739,0.57428775356
main,0,0,0.216987095195,0.681917912935,0.10109499187
popular,1,1,0.00768791434523,0.067695661582,0.924616424073
appreciative,1,1,3.64806379893e-06,2.96945550629e-06,0.999993382481
conch,0,0,4.96430148391e-05,0.992360792783,0.00758956420184
mercifully,1,-1,0.688129718606,0.0349511252417,0.276919156153
capable,1,1,0.00264456422394,0.00694756346403,0.990407872312
pasta,0,0,1.92813757258e-06,0.998491308856,0.00150676300599
amicably,1,1,0.0317034090818,0.0811462591429,0.887150331775
mayo,0,0,0.00121934969869,0.994645219359,0.00413543094238
bustle,1,1,0.00594531546809,0.175556672964,0.818498011568
comfy,1,1,0.0155807523125,0.101809485194,0.882609762494
sardonic,-1,-1,0.543868961303,0.00821115523098,0.447919883466
horseradish,0,0,1.1704659279e-07,0.999644580614,0.000355302339026
peerless,1,1,3.66128241289e-06,2.21747324276e-06,0.999994121244
boredom,-1,-1,0.870068784657,0.0648281762719,0.0651030390707
unfriendly,-1,-1,0.999148265611,0.000287275073114,0.000564459316288
favourite,1,0,0.159575632762,0.574863418421,0.265560948817
modern,1,1,0.0495280335796,0.0692816376104,0.88119032881
dauntless,1,1,0.00564997083597,0.00135144904037,0.992998580124
fucker,-1,-1,0.731537989927,0.259184159573,0.00927785049942
sturgeon,0,0,3.85924642648e-05,0.993263248906,0.00669815862957
charm,1,1,0.00554098370876,0.0334967225453,0.960962293746
forgettable,-1,1,0.496765554974,0.00640670830014,0.496827736726
fabulously,1,1,0.00747053447674,0.0210501667282,0.971479298795
impecable,1,1,0.0372464921858,0.0964458801713,0.866307627643
catcher,1,0,0.0411642394021,0.804960103663,0.153875656935
unimaginative,-1,-1,0.99322709611,0.00189820318093,0.00487470070906
trick,-1,0,0.239717237732,0.392186491741,0.368096270527
unprofessional,-1,-1,0.999336461921,0.000172884164352,0.000490653914314
satisfied,1,1,0.00928975810643,0.0156776242982,0.975032617595
ingredient,0,0,0.000130889736811,0.987372083298,0.0124970269656
like,0,1,0.0833819341898,0.187073460997,0.729544604814
gaudy,-1,1,0.355938148609,0.0408380425136,0.603223808877
nifty,1,1,0.00864839325123,0.0467222527571,0.944629353992
apathy,-1,-1,0.992708627716,0.00539024841957,0.00190112386397
economical,1,1,0.00548294731217,0.0631515390237,0.931365513664
aspic,0,0,0.0085345061082,0.880111113228,0.111354380664
harsh,-1,-1,0.974932860458,0.00573139371687,0.0193357458249
scratchy,-1,-1,0.838301834182,0.0527361320011,0.108962033817
cleverly,1,1,0.0370722037465,0.021139807944,0.941787988309
sandwich,0,0,3.43403610239e-06,0.998172190101,0.00182437586298
dismal,-1,-1,0.968082741427,0.00314003140499,0.0287772271676
review,0,0,0.125257577952,0.550061984377,0.324680437671
pietra,0,0,0.103592878391,0.640092109702,0.256315011906
quacamole,0,0,0.159575632762,0.574863418421,0.265560948817
disgust,-1,-1,0.99043506316,0.00660747504967,0.00295746179049
peaceful,1,1,0.00535176057638,0.0210971750728,0.973551064351
salmon,0,0,0.00169672110556,0.996959569215,0.00134370967914
woe,-1,-1,0.981732144429,0.00626166297141,0.0120061925992
gooseberry,0,0,0.000151383971511,0.986379455822,0.0134691602068
chowder,0,0,2.83327186771e-06,0.998158450436,0.00183871629245
painlessly,1,1,0.0645618969092,0.0201796935849,0.915258409506
ackward,-1,-1,0.540845068945,0.187991116527,0.271163814528
agreeably,1,1,0.0773134542253,0.0311748139087,0.891511731866
ameliorate,1,-1,0.590802216671,0.130186242248,0.279011541082
location,0,0,0.00694999225579,0.940165166511,0.0528848412335
befoul,-1,-1,0.931790886817,0.0383949029035,0.0298142102792
bouillon,0,0,5.59293005664e-06,0.997407733169,0.00258667390067
uncomfy,-1,-1,0.393800791279,0.290890082212,0.315309126509
bore,-1,-1,0.611264957164,0.299659935147,0.0890751076884
"maitre",0,0,0.159575632762,0.574863418421,0.265560948817
conspiratorial,-1,-1,0.984672038661,0.00451535393845,0.0108126074009
hominy,0,0,3.65354799413e-05,0.993500964154,0.006462500366
impudent,-1,-1,0.874981479208,0.0054541563111,0.119564364481
torpor,-1,-1,0.860534557179,0.0364854767003,0.10297996612
fascinate,1,1,0.00491561055399,0.0015182542222,0.993566135224
ricotta,0,0,2.85066079385e-06,0.998144676751,0.00185247258845
accommodative,1,1,0.0737066350147,0.0189492061588,0.907344158827
asparagus,0,0,8.94168142538e-07,0.998967762435,0.00103134339698
croissant,0,0,5.75263729184e-06,0.997743434034,0.0022508133287
venomously,-1,-1,0.950782566852,0.0201128025247,0.029104630623
hovel,0,-1,0.509101499144,0.422034287061,0.0688642137948
spoil,-1,-1,0.714561927839,0.0685731059275,0.216864966233
insult,-1,-1,0.996433976247,0.00249338299885,0.00107264075461
impair,-1,-1,0.94200971393,0.0188899922327,0.0391002938375
liquor,0,0,0.00936670059194,0.986635658976,0.00399764043186
dismissive,-1,-1,0.983698979412,0.000941564083928,0.0153594565041
coleslaw,0,0,5.29058901838e-07,0.999220238897,0.000779232044328
reject,-1,-1,0.896048967719,0.0702258008617,0.0337252314188
margarine,0,0,7.52890325847e-07,0.999568516629,0.000430730480796
pestilent,-1,-1,0.894300480795,0.0368181845863,0.0688813346189
eclectic,1,1,0.00254430533451,0.0444051862071,0.953050508458
sweet,1,1,0.0450912769793,0.317137490374,0.637771232647
felicitous,1,1,0.00238154253793,0.00856557033536,0.989052887127
deceitfully,-1,-1,0.946843861498,0.0189127375578,0.0342434009446
cloying,-1,-1,0.614511281631,0.0285632674181,0.356925450951
hostel,0,0,0.0874471253308,0.870849565854,0.0417033088148
imposture,-1,-1,0.837745235595,0.0805959730396,0.0816587913655
flawless,1,1,0.00014324449406,0.00116745757357,0.998689297932
generously,1,1,0.00425789419262,0.0367654413599,0.958976664447
pleasurably,1,1,0.0386686187608,0.134462218355,0.826869162885
scenery,0,1,0.00494039110951,0.287912135112,0.707147473778
unappreciative,-1,-1,0.979190455179,0.000799934090961,0.0200096107305
lolly,0,0,0.0134122837725,0.980006846298,0.00658086992954
downside,-1,-1,0.669211426109,0.209565663234,0.121222910657
felicitate,1,1,0.00365957947612,0.03408797812,0.962252442404
candy,0,0,0.0038363444625,0.979141977439,0.0170216780986
avocado,0,0,9.78149181808e-06,0.996650248274,0.00333997023371
beneficially,1,1,0.0462696429054,0.0392636368416,0.914466720253
coffee,0,0,1.37785435394e-05,0.996016187196,0.00397003426078
overcompensate,1,-1,0.97656054055,0.0123609797792,0.0110784796709
rabid,-1,-1,0.871413235119,0.00930642359918,0.119280341282
tire,-1,0,0.128296959822,0.86004979639,0.0116532437879
helpful,1,1,0.00611011534906,0.0406005106595,0.953289373991
unimportant,-1,-1,0.983811068018,0.00521687595909,0.0109720560231
profitable,1,1,0.01793200655,0.0753956295697,0.90667236388
gross,-1,-1,0.957484976279,0.0349236519458,0.00759137177473
strudel,0,0,6.6454001049e-05,0.991052625839,0.00888092016032
deficiency,-1,-1,0.829272457501,0.0934411011999,0.0772864412994
unaccommodating,-1,-1,0.987591009172,0.00359673286666,0.0088122579616
awe,1,1,0.00215342450489,0.00486606643926,0.992980509056
cravenly,-1,-1,0.982649069339,0.00811671773323,0.00923421292811
moron,-1,-1,0.984115037614,0.0112768540786,0.00460810830756
inappropriate,-1,-1,0.980144067788,0.00370489521985,0.016151036992
dessserts,0,0,0.159575632762,0.574863418421,0.265560948817
tamale,0,0,7.21294105129e-06,0.997060205194,0.0029325818649
"ill-used",-1,0,0.159575632762,0.574863418421,0.265560948817
importunate,-1,-1,0.6220371672,0.0181259364692,0.359836896331
tasty,1,1,0.000291930126096,0.417698820744,0.58200924913
disgustful,-1,0,0.159575632762,0.574863418421,0.265560948817
milkshake,0,0,1.28598495422e-05,0.996713295447,0.00327384470309
thin,0,-1,0.496676071703,0.229591934652,0.273731993645
rude,-1,-1,0.99974437274,0.000189697432012,6.59298278931e-05
dismay,-1,-1,0.96533327006,0.0125890379243,0.022077692016
happy,1,1,0.000108625681421,0.00813360638653,0.991757767932
satisfied,1,1,0.00928975810643,0.0156776242982,0.975032617595
good,1,1,0.00617064055785,0.0420395637072,0.951789795735
positive,1,1,0.108511340084,0.0401106541531,0.851378005763
excellent,1,1,4.62990982173e-06,0.0024620141242,0.997533355966
flawless,1,1,0.00014324449406,0.00116745757357,0.998689297932
unimpaired,1,1,0.0637308914563,0.0113626797614,0.924906428782
unhappy,-1,-1,0.973996820074,0.00579868548705,0.0202044944388
unsatisfied,-1,-1,0.811889441756,0.0299821852134,0.158128373031
bad,-1,-1,0.990312853781,0.00706717934605,0.00261996687313
