word,Actual_Polarity,Calc_Polarity,NegativeSimilarity,NeutralSimilarity,PositiveSimilarity
outstand,1,0,0.118361043052,0.461244834166,0.420394122782
disgust,-1,-1,0.972087439748,0.0145740147927,0.0133385454588
lighting,0,0,0.272142716214,0.709786764469,0.0180705193171
substandard,-1,-1,0.993478178793,0.00135825316176,0.00516356804501
worthlessly,-1,0,0.196015337327,0.626380748972,0.177603913701
calumniously,-1,0,0.196015337327,0.626380748972,0.177603913701
devious,-1,-1,0.992424657709,0.00148142425045,0.00609391804073
meatloaf,0,0,6.18917808279e-06,0.998783815763,0.00120999505928
hazelnut,0,0,0.00154468863056,0.993286887814,0.0051684235554
horrendously,-1,-1,0.951272949459,0.00145569708107,0.04727135346
light,0,0,0.0821767042964,0.503707549586,0.414115746118
bother,-1,-1,0.719157837592,0.149620595952,0.131221566456
belligerently,-1,-1,0.987318304972,0.00403082102235,0.00865087400598
marzipan,0,0,0.0033069431104,0.978214805709,0.0184782511805
practical,1,1,0.0736346953504,0.259711138334,0.666654166316
winningest,1,1,0.0322194496131,0.283227194353,0.684553356033
extensive,1,1,0.0128158913298,0.0349470534746,0.952237055196
wheat,0,0,0.00453217225942,0.990112245597,0.00535558214363
cobweb,0,-1,0.675034156946,0.291914046099,0.0330517969559
basil,0,0,0.000799294490678,0.945205868773,0.0539948367366
squab,0,0,0.00479236049413,0.96984634868,0.0253612908255
altruistic,1,1,0.0179380394382,0.00587296860131,0.97618899196
smutty,-1,-1,0.910385910557,0.0351395111628,0.0544745782798
ribbon,0,0,0.0115361537391,0.796921386481,0.19154245978
grubby,-1,-1,0.994856793726,0.000735996623385,0.0044072096505
teapot,0,0,0.00558764509686,0.966181073623,0.0282312812806
train,1,0,0.0482036057392,0.862809512842,0.0889868814186
insupportably,-1,0,0.196015337327,0.626380748972,0.177603913701
celery,0,0,0.00410619179836,0.99169648795,0.00419732025121
monstrously,-1,-1,0.78988743296,0.136372961936,0.0737396051042
aggressive,-1,-1,0.799418964634,0.0174360047605,0.183145030606
entertain,1,1,0.168305695493,0.0579279962139,0.773766308293
disgust,-1,-1,0.972087439748,0.0145740147927,0.0133385454588
price,0,0,0.0386575023342,0.911680387133,0.0496621105323
kickass,-1,1,0.0103647967958,0.040472850808,0.949162352396
pan,0,0,0.00727575935039,0.902755353405,0.0899688872448
revere,1,1,0.0732461794081,0.412336518211,0.514417302381
indecently,-1,-1,0.771601581265,0.0453305310507,0.183067887685
accomodative,1,1,0.288506151977,0.219779676115,0.491714171908
repressive,-1,-1,0.60348165691,0.00246845875486,0.394049884335
illogic,-1,-1,0.996811304029,0.00251269942638,0.000675996544817
torpidity,-1,-1,0.660569132816,0.206879507519,0.132551359665
ridiculous,-1,-1,0.935592210288,0.0095549128832,0.0548528768288
sicken,-1,-1,0.980193801517,0.00475587609372,0.0150503223892
transcendent,1,1,0.00240089333989,0.00881543570531,0.988783670955
acrid,-1,-1,0.920013918838,0.00471086144204,0.0752752197198
grumpily,-1,-1,0.961733593971,0.0298698684687,0.00839653755984
enchant,1,1,0.00118243331247,0.00665462245512,0.992162944232
enchantingly,1,1,0.0482293967471,0.241185145104,0.710585458149
saute,0,0,1.28619044905e-05,0.996455647547,0.00353149054834
cognac,0,0,0.0333866183344,0.92227920722,0.0443341744456
appalling,-1,-1,0.994400982462,0.000630699172905,0.00496831836518
insult,-1,-1,0.993062081908,0.00391373517173,0.00302418291986
appropriate,1,1,0.0103968228053,0.029771220521,0.959831956674
walnut,0,0,0.0146227042925,0.979373066709,0.00600422899802
apprehensively,-1,-1,0.627093547351,0.161750804439,0.211155648209
handsomely,1,1,0.00826239233697,0.0437802710602,0.947957336603
peppy,1,1,0.00424882081432,0.00237109865028,0.993380080535
derogatory,-1,-1,0.99457318597,0.00168329135036,0.00374352267934
kiwi,0,0,0.117098165034,0.814393199212,0.0685086357546
scornfully,-1,-1,0.986829861851,0.00602732006651,0.00714281808234
gelatin,0,0,0.00624565516123,0.922662523511,0.0710918213279
rotten,-1,-1,0.898672119695,0.0289916758999,0.0723362044051
harshly,-1,-1,0.926757665517,0.00984380460829,0.0633985298744
roll,0,0,0.0282406656512,0.646293653254,0.325465681095
abrupt,-1,-1,0.970672811626,0.0043603687397,0.0249668196345
talented,1,1,0.00104523379468,0.00754117289115,0.991413593314
huge,0,1,0.114658856496,0.0797890380851,0.805552105419
heavenly,1,1,0.00853754465483,0.0314127714958,0.960049683849
rapture,1,-1,0.671912485959,0.303095989714,0.0249915243273
regrettable,-1,-1,0.984110768796,0.00103792501633,0.014851306188
meal,0,0,0.00230865798457,0.894138447859,0.103552894157
mess,-1,-1,0.823470834719,0.152003465937,0.0245256993435
clam,0,0,0.0127807287161,0.961495041809,0.0257242294749
slowwww,-1,0,0.196015337327,0.626380748972,0.177603913701
request,0,0,0.0633840683681,0.676988524479,0.259627407153
thankful,1,1,0.0610077365229,0.0217095283468,0.91728273513
delectation,1,1,0.159891836568,0.358312355015,0.481795808416
awesomely,1,1,0.0295042221841,0.0396639482319,0.930831829584
beauty,1,1,0.0160297650181,0.414435890332,0.56953434465
majestic,1,1,0.00689362045278,0.0340186005644,0.959087778983
exquisite,1,1,0.00246395519871,0.0116128797116,0.98592316509
entire,0,1,0.124194921749,0.221154357457,0.654650720794
hartshorn,0,0,0.196015337327,0.626380748972,0.177603913701
valiant,1,1,0.106714480747,0.0255869264177,0.867698592835
magnificent,1,1,9.39445967358e-05,0.00405804069663,0.995848014707
ration,0,0,0.00554375308871,0.962972172947,0.0314840739638
seedy,-1,-1,0.897783138067,0.0259308897281,0.0762859722045
guava,0,0,0.00118064662206,0.99090622137,0.00791313200792
joyfully,1,1,0.0470162063795,0.0214341741492,0.931549619471
marinara,0,0,0.00375992416093,0.982528556158,0.0137115196814
disastrously,-1,-1,0.983429728993,0.00170475210136,0.0148655189056
overcharge,-1,-1,0.854807884586,0.114812710395,0.0303794050191
disgraceful,-1,-1,0.81813728252,0.00507467046979,0.17678804701
atrocious,-1,-1,0.957563808205,0.00566121222584,0.036774979569
maliciously,-1,-1,0.996779916055,0.00131992630829,0.00190015763641
sloooow,-1,-1,0.893685376605,0.0113352263094,0.0949793970858
uncivil,-1,-1,0.981842847123,0.00321688713917,0.0149402657382
burger,0,0,7.70895974215e-06,0.998115407639,0.00187688340099
spirited,1,1,0.0458416436714,0.0188228438339,0.935335512495
tremendous,1,1,0.0015223222821,0.00994872840052,0.988528949317
nauseate,-1,-1,0.908009628908,0.0463975102292,0.0455928608625
trashy,-1,0,0.498100472414,0.025803900155,0.476095627431
spurious,-1,-1,0.985983714142,0.00265926241748,0.0113570234402
servant,0,0,0.0231007718404,0.810233022831,0.166666205329
compliment,1,1,0.148436802018,0.148788930721,0.702774267262
malevolently,-1,-1,0.943304660188,0.037723002584,0.0189723372285
regrettably,-1,-1,0.978309596949,0.00644319841233,0.0152472046387
"high_quality",1,0,0.196015337327,0.626380748972,0.177603913701
macaroon,0,0,0.00487740283998,0.982808052245,0.0123145449147
bitch,-1,-1,0.561496267921,0.422617677353,0.0158860547268
blissful,1,1,0.0311024792577,0.0303706083972,0.938526912345
unusable,-1,-1,0.757467736504,0.184034154597,0.0584981088994
abundant,1,1,0.0425870138527,0.049958629635,0.907454356512
wholesome,1,1,0.0183003437432,0.0855990622132,0.896100594044
hall,0,0,0.0249693025811,0.951913827526,0.0231168698926
complacent,-1,1,0.0608132265664,0.00260114157169,0.936585631862
delivery,0,0,0.0553190762331,0.88268325904,0.0619976647265
passivity,-1,-1,0.996199359847,0.00193463861976,0.00186600153333
harmful,-1,-1,0.98007289618,0.00485690710712,0.0150701967133
delectable,1,1,0.00382820698875,0.0398313379279,0.956340455083
valiantly,1,1,0.0543658220611,0.0263534548739,0.919280723065
section,0,0,0.0222470015099,0.96744496324,0.0103080352504
confusing,-1,-1,0.981543799516,0.00451199002358,0.0139442104608
talent,1,0,0.0630566094255,0.645910219141,0.291033171433
enthusiastically,1,1,0.00207147682244,0.0034924845741,0.994436038603
smugly,-1,-1,0.97898166476,0.00190073387765,0.019117601362
glad,1,1,0.0110699408208,0.0504200829636,0.938509976216
pickle,0,0,0.167311046456,0.799001245319,0.033687708225
ladyfinger,0,0,0.00715744144406,0.974673921418,0.0181686371382
grandioso,1,0,0.196015337327,0.626380748972,0.177603913701
pomegranate,0,0,0.00122659888257,0.994025536283,0.0047478648349
corner,0,0,0.033983944393,0.910823562629,0.0551924929782
merit,1,1,0.0730415003072,0.357723498,0.569235001692
stupidly,-1,-1,0.945251608467,0.00673083132262,0.0480175602107
basic,0,1,0.0649303429967,0.112122928785,0.822946728218
disrespectfully,-1,-1,0.954856702857,0.0269814314872,0.0181618656555
caviar,0,0,0.000361594306764,0.978618292793,0.0210201129007
poor,-1,-1,0.984323423848,0.00367071000511,0.0120058661466
lemon,0,0,1.15252292537e-05,0.998061528826,0.00192694594465
"ill-favored",-1,0,0.196015337327,0.626380748972,0.177603913701
option,0,0,0.138069367564,0.733519734232,0.128410898203
cabernet,0,0,0.00165764585318,0.972586759339,0.0257555948076
legume,0,0,0.00621738633438,0.981416705315,0.0123659083503
acceptable,1,1,0.0425775030745,0.034508659857,0.922913837069
virtuously,1,1,0.224837849247,0.0857149079163,0.689447242837
curry,0,0,0.00166007334941,0.988756764846,0.00958316180465
trust,1,-1,0.63764609472,0.136625244142,0.225728661138
snob,0,0,0.357062261058,0.469295004831,0.173642734111
caper,0,0,0.0493264911079,0.91884545185,0.0318280570417
hoodwink,-1,-1,0.892292582125,0.040761743175,0.0669456747003
grit,0,0,0.126281393151,0.467801730114,0.405916876736
subpar,-1,-1,0.883184482176,0.026110521438,0.0907049963864
damn,-1,0,0.181164984386,0.411018256956,0.407816758658
rile,-1,-1,0.5502799129,0.409007871314,0.0407122157859
wrap,0,0,0.109035295538,0.752161400821,0.138803303641
caraway,0,0,0.00197722066838,0.980234715975,0.0177880633568
order,0,0,0.146529122416,0.774903286156,0.0785675914278
frustrate,-1,-1,0.974263570096,0.00850972448625,0.0172267054178
imaginative,1,1,0.00514731442706,0.011328219239,0.983524466334
ineloquently,-1,0,0.196015337327,0.626380748972,0.177603913701
fuss,-1,-1,0.79066453154,0.161391532293,0.0479439361676
stupidity,-1,-1,0.958436381968,0.0291385793214,0.0124250387108
pastry,0,0,0.00306277558335,0.93301205963,0.0639251647871
overpay,0,-1,0.49150783591,0.28544836292,0.22304380117
wedding,0,0,0.00640825601123,0.96062807847,0.0329636655191
festive,1,1,0.0396806748971,0.093156051512,0.867163273591
terrace,0,0,0.00349634004592,0.897872171309,0.0986314886448
agave,0,0,0.000119669367166,0.988413037053,0.0114672935797
riveting,1,1,0.00408025758418,0.00589738813376,0.990022354282
alarm,-1,0,0.363981906624,0.620522901038,0.0154951923383
scene,0,0,0.0217240116329,0.947179415671,0.031096572696
inhospitable,-1,1,0.31715271101,0.0240347242716,0.658812564718
unhappiness,-1,-1,0.81061744693,0.125254623118,0.0641279299529
flower,0,0,0.00340428832181,0.978036695354,0.018559016324
nark,1,-1,0.713073472922,0.250323765837,0.0366027612402
enjoyable,1,1,0.000618718175295,0.00709572381587,0.992285558009
toffee,0,0,0.0277847159743,0.860475800966,0.11173948306
skewer,0,-1,0.679319825485,0.259865389158,0.0608147853564
wondrous,1,1,0.00124235298395,0.0101369684377,0.988620678578
gourmet,1,1,0.00178724974911,0.273933614808,0.724279135443
worry,-1,-1,0.881068241775,0.0898476590324,0.0290840991929
haddock,0,0,0.019792003022,0.960013718189,0.0201942787891
bemuse,-1,-1,0.629880671467,0.0652392047836,0.304880123749
"ill-natured",-1,0,0.196015337327,0.626380748972,0.177603913701
caffe,0,0,0.00574159048487,0.95540774637,0.0388506631453
inedible,-1,-1,0.818682101102,0.159296544656,0.0220213542416
fry,0,0,0.011624932212,0.980975065667,0.00740000212142
adverse,-1,-1,0.986187472097,0.00421198615026,0.00960054175285
appetizer,0,0,6.86109294843e-05,0.990792310385,0.00913907868538
tender,1,1,0.00945089600233,0.0533902478301,0.937158856168
sickly,-1,-1,0.983050985994,0.00407450167096,0.0128745123348
pear,0,0,1.22800510608e-06,0.999151005187,0.000847766807546
betray,-1,-1,0.984131446249,0.0062059479283,0.0096626058226
atmoshere,0,0,0.196015337327,0.626380748972,0.177603913701
affectionate,1,1,0.0725056168575,0.00579531879213,0.92169906435
annoy,-1,-1,0.964948583661,0.00319699210831,0.0318544242302
succotash,0,0,0.00463648085301,0.974339649315,0.021023869832
tinny,-1,-1,0.816668767926,0.0955582401934,0.0877729918805
deplore,-1,-1,0.96192170876,0.00773229932159,0.0303459919186
cantaloupe,0,0,0.0017887044672,0.994836224874,0.00337507065922
kabob,0,0,5.55193948529e-05,0.992152820578,0.00779166002745
boring,-1,-1,0.984270052371,0.00717799177756,0.00855195585145
feeble,-1,-1,0.997836124278,0.00052735535742,0.00163652036488
crude,-1,-1,0.97671604491,0.0073085799494,0.0159753751409
lobster,0,0,1.67400445076e-05,0.997741503472,0.00224175648304
wild_rice,0,0,0.196015337327,0.626380748972,0.177603913701
desk,0,0,0.00599186127861,0.975417550992,0.0185905877293
frontman,0,0,0.0329205434802,0.893275768654,0.0738036878658
enticing,1,1,0.0158282886159,0.039612763225,0.944558948159
authentic,1,1,0.00827603826015,0.0326832424422,0.959040719298
overrate,-1,-1,0.791058823406,0.0319716383003,0.176969538294
dirty,0,0,0.442442048151,0.0550203898842,0.502537561965
cucumber,0,0,0.00142108237404,0.988935693979,0.00964322364653
gloriously,1,1,0.052384225395,0.0141143655296,0.933501409075
terrible,-1,-1,0.987713374522,0.00322922583574,0.00905739964256
affordably,1,1,0.0132219742281,0.369653147253,0.617124878519
harassment,-1,-1,0.906543853791,0.0845440470983,0.00891209911069
melt,1,0,0.0516506296228,0.869559013758,0.0787903566188
heartily,1,1,0.000366627381624,0.00721067865513,0.992422693963
overzealous,-1,-1,0.971057896504,0.0129580214009,0.0159840820953
heavy-handed,-1,0,0.196015337327,0.626380748972,0.177603913701
gluten,0,0,0.00859725345234,0.977194238548,0.0142085079999
heartless,-1,-1,0.985947321685,0.00123054116557,0.0128221371496
endear,1,1,0.0158169931305,0.0103014261795,0.97388158069
slanderous,-1,-1,0.996942930869,0.000878932099545,0.00217813703171
comfort,0,0,0.029023177256,0.502315606589,0.468661216155
syrah,0,0,0.000288725103296,0.980799788607,0.0189114862901
montparnasse,0,0,0.196015337327,0.626380748972,0.177603913701
gracefully,1,1,0.0112125637466,0.0428123670347,0.945975069219
nasty,-1,-1,0.914104006063,0.0299423894502,0.0559536044868
hysterically,-1,1,0.403766061068,0.0114366246214,0.58479731431
pudding,0,0,0.0036051540518,0.978175898918,0.0182189470303
motel,0,0,0.0163210888269,0.954267023306,0.0294118878666
veggies,0,0,0.000131351623704,0.987473600068,0.0123950483087
antipasto,0,0,5.59090701108e-05,0.9918341119,0.0081099790298
torpiness,-1,0,0.196015337327,0.626380748972,0.177603913701
treacherously,-1,-1,0.801301569451,0.0346728173591,0.16402561319
food,0,0,0.00221562189145,0.981763533649,0.0160208444594
smooth,1,1,0.00991339233938,0.0390049773108,0.95108163035
pack,-1,0,0.105957266393,0.881945829281,0.0120969043264
torturous,-1,-1,0.804160872861,0.00820164700105,0.187637480137
blameless,1,-1,0.962820429778,0.00601786381292,0.0311617064095
busboy,0,0,0.10962512218,0.819188103542,0.0711867742778
fromager,0,0,0.0890541845362,0.720743270199,0.190202545265
annihilate,-1,0,0.323284645261,0.476890488711,0.199824866028
success,1,0,0.0352190186588,0.666452193428,0.298328787913
balsamic,0,0,0.00507082637438,0.859854679553,0.135074494072
bean,0,0,0.0200766191901,0.909977941586,0.0699454392238
doughnut,0,0,0.00320937237786,0.978263724045,0.0185269035769
uncompetitive,-1,-1,0.969119732273,0.0178537578522,0.0130265098743
next,0,0,0.0593819695211,0.457197400853,0.483420629626
dark,0,-1,0.790539649177,0.111443774981,0.0980165758423
awe,1,1,0.00548713500457,0.025322911226,0.969189953769
piteous,-1,-1,0.996151874326,0.0015103504431,0.00233777523085
hilarious,1,1,0.0036819189796,0.0121672020001,0.98415087902
outperformance,1,0,0.0518511743803,0.516559814314,0.431589011305
arrogant,-1,-1,0.997819343543,0.000454048370748,0.00172660808675
thai,0,0,0.0493607538907,0.772458549288,0.178180696821
attractively,1,1,0.0507596861873,0.107525932822,0.841714380991
"%c%c*bread",0,0,0.196015337327,0.626380748972,0.177603913701
sarcastically,-1,-1,0.86145582037,0.0654408861333,0.0731032934963
present,0,1,0.0685452755657,0.332544892837,0.598909831597
joint,0,0,0.14323823021,0.591843449079,0.264918320711
alcohol,0,0,0.0564084917134,0.931891403251,0.0117001050354
discontented,-1,1,0.237927869933,0.0225953936459,0.739476736421
sparerib,0,0,0.196015337327,0.626380748972,0.177603913701
appallingly,-1,-1,0.98722385127,0.000714384183517,0.0120617645461
staid,-1,-1,0.555638361239,0.0202624091057,0.424099229655
shrimp,0,0,3.29844311935e-06,0.998206902107,0.00178979944977
throw,-1,0,0.134868420435,0.524721154143,0.340410425421
waitstaffs,0,0,0.130412653238,0.645578060371,0.224009286391
costly,0,1,0.104148803145,0.0735949289057,0.82225626795
ashamed,-1,-1,0.839794486914,0.00659343532914,0.153612077757
quarrelsome,-1,-1,0.978908890358,0.0059459432882,0.0151451663539
mussles,0,0,0.00498807877662,0.896526948212,0.0984849730115
ingeniously,1,1,0.00619196156244,0.021994989971,0.971813048467
brutally,-1,-1,0.78811431546,0.0140636598176,0.197822024723
disgust,-1,-1,0.972087439748,0.0145740147927,0.0133385454588
unprofitable,-1,-1,0.880474080405,0.0246626819387,0.0948632376568
nectar,0,0,0.0154814239179,0.694115067949,0.290403508133
calumnious,-1,-1,0.957811056663,0.0277228292642,0.0144661140728
simple,0,1,0.034138516319,0.0354001902359,0.930461293445
defamatory,-1,-1,0.876199609743,0.00516841484416,0.118631975413
run-down,-1,0,0.196015337327,0.626380748972,0.177603913701
bounteous,1,1,0.0215844267665,0.103844858456,0.874570714778
dishonorablely,-1,0,0.196015337327,0.626380748972,0.177603913701
flounder,0,0,0.529603770518,0.443191862822,0.02720436666
mousse,0,0,0.000494653810657,0.97445920055,0.0250461456397
ramshackle,-1,-1,0.915090620393,0.0560188398374,0.0288905397696
quaint,1,1,0.135703578514,0.0386304331144,0.825665988371
top_notch,1,0,0.196015337327,0.626380748972,0.177603913701
sweetness,1,0,0.019721682359,0.681217180547,0.299061137094
crowd,-1,0,0.174635968821,0.694588818428,0.130775212751
ignorance,-1,-1,0.987656560758,0.0102798416217,0.00206359762061
ramp,0,0,0.0221412662336,0.89926423992,0.0785944938467
overprice,-1,-1,0.891685348262,0.0891193997013,0.0191952520367
tiresome,-1,-1,0.99376098398,0.000929114369577,0.00530990165014
must,1,1,0.010213745981,0.179785747714,0.810000506305
occasion,0,0,0.0599973532997,0.607848302663,0.332154344037
scant,-1,-1,0.885212823498,0.0448354366615,0.0699517398401
snobish,-1,0,0.196015337327,0.626380748972,0.177603913701
beat,-1,-1,0.444238853807,0.286387287195,0.269373858998
stellar,1,1,8.61743026076e-05,0.00391559578294,0.995998229914
impressively,1,1,0.0468228097751,0.0232283843382,0.929948805887
disparage,-1,-1,0.877030433259,0.023574490597,0.0993950761439
heaviness,-1,-1,0.917834816867,0.0670542752347,0.0151109078979
borscht,0,0,0.0158867740739,0.966777940018,0.0173352859077
view,0,0,0.123251137556,0.667745686132,0.209003176313
dreck,-1,-1,0.91908815798,0.0645301516254,0.0163816903946
admiration,1,1,0.0140320416655,0.0589048105241,0.92706314781
belittle,-1,-1,0.98285925228,0.00227862451528,0.0148621232045
cram,-1,-1,0.965962304074,0.0178496854734,0.0161880104521
collard,0,0,0.00443464375469,0.986499982829,0.00906537341638
pecan,0,0,0.00196800778559,0.992365203187,0.00566678902707
masterful,1,1,0.00034249930473,0.00549754751648,0.994159953179
great,0,1,0.00339713444603,0.0160756730001,0.980527192554
cook,0,0,0.00588283465539,0.97383193893,0.0202852264146
souffle,0,0,0.00845055373938,0.936286274619,0.0552631716411
high-spirited,1,0,0.196015337327,0.626380748972,0.177603913701
beautiful,1,1,0.0129771632604,0.0722745322205,0.914748304519
surpass,1,1,0.0823943873865,0.0655653310249,0.852040281589
chick,0,0,0.0874840662519,0.87828212683,0.0342338069179
refresh,1,1,0.113348684497,0.139144974173,0.74750634133
water,0,0,0.0330573067315,0.935809953141,0.0311327401275
stuffy,-1,0,0.512779254587,0.026643974492,0.460576770921
dextrous,1,1,0.0332196671586,0.0603279374922,0.906452395349
uninteresting,-1,-1,0.990939008185,0.00271612824168,0.00634486357321
swordfish,0,0,0.002353006345,0.991640530531,0.00600646312359
endear,1,1,0.0158169931305,0.0103014261795,0.97388158069
cheerless,-1,-1,0.551077539563,0.0731747487726,0.375747711665
dreadful,-1,-1,0.877341015984,0.00377216190857,0.118886822107
accomodating,1,1,0.00866576851566,0.0432899251612,0.948044306323
healthy,1,1,0.0212591262021,0.0381527803227,0.940588093475
feebleminded,-1,-1,0.957827346965,0.0304624984958,0.0117101545395
elegant,1,1,0.00523022182687,0.0256378354168,0.969131942756
presumptuously,-1,-1,0.843706772627,0.0579410092588,0.098352218114
slanderously,-1,-1,0.813662887643,0.14514441753,0.0411926948267
granola,0,0,0.035585930439,0.935054453646,0.0293596159145
anchovy,0,0,0.0023833288334,0.992369371767,0.00524729939999
true,0,1,0.00998863574403,0.0395779038021,0.950433460454
kohlrabi,0,0,0.00331703465813,0.98216174601,0.0145212193322
dolt,-1,-1,0.760070459916,0.16613875025,0.0737907898341
guiness,0,0,0.0146865346251,0.814411145441,0.170902319934
perverse,-1,-1,0.886144864353,0.00794482149679,0.10591031415
woeful,-1,-1,0.943495174037,0.00166335263848,0.0548414733244
citronella,0,0,0.00533642654532,0.97705003438,0.017613539075
humourous,1,1,0.16827666548,0.00627548541098,0.825447849109
kringle,0,0,0.000345114503848,0.979300604102,0.0203542813937
sneakily,-1,1,0.375566400168,0.0854726551427,0.53896094469
ineffectively,-1,-1,0.92777137996,0.0116175653252,0.0606110547153
scrumptious,1,1,0.00634364572583,0.0729247703338,0.92073158394
idiot,-1,-1,0.897333436544,0.086419877791,0.0162466856649
stylish,1,1,0.00575907402442,0.0220165114703,0.972224414505
ominously,-1,-1,0.89190950749,0.0293683303455,0.0787221621645
patty,0,0,1.04363377416e-05,0.996583905433,0.00340565822894
kingfish,0,0,0.00267188618399,0.988655990872,0.00867212294377
irreproachable,1,1,0.00407812399127,0.0134269014943,0.982494974514
greatness,1,1,0.0316543810202,0.348927455967,0.619418163013
nightmarish,-1,1,0.281283114199,0.0158255478,0.702891338001
vulgar,-1,-1,0.955274548744,0.0213039402333,0.0234215110222
fish,0,0,0.00272940214325,0.992661561219,0.00460903663775
chutney,0,0,0.00375101973119,0.988023316728,0.0082256635405
negligent,-1,-1,0.979695423705,0.00374716513266,0.0165574111619
selection,0,0,0.00639355867418,0.856249065133,0.137357376193
artwork,0,0,0.0355475059776,0.884467649316,0.0799848447063
menu,0,0,0.00252884497109,0.980875730021,0.0165954250077
plague,-1,-1,0.579457310735,0.402992091277,0.017550597988
listlessness,-1,-1,0.938525741796,0.0108049244565,0.050669333748
judicious,1,1,0.135535244361,0.0162168254448,0.848247930194
hostess,0,0,0.0723607272428,0.906620316099,0.0210189566579
guiltily,-1,-1,0.687429449588,0.0178455887714,0.294724961641
hash,0,0,0.135853826614,0.770497483633,0.0936486897532
friend,0,0,0.0528933909221,0.918260956394,0.0288456526842
credulous,-1,-1,0.971945472135,0.0122544528222,0.0158000750424
overlook,-1,-1,0.88710931706,0.0649650554141,0.0479256275259
hideously,-1,-1,0.996777973533,0.000386480229318,0.00283554623807
unforgetable,1,1,0.00572725290009,0.0268123013787,0.967460445721
excellant,1,1,0.00219577933691,0.0107297561349,0.987074464528
strange,-1,-1,0.846490636767,0.042703872712,0.110805490521
sickeningly,-1,0,0.52111171996,0.00984004514306,0.469048234896
place,0,0,0.0281814673719,0.931698169089,0.0401203635388
mincemeat,0,0,0.269886910425,0.50040862879,0.229704460785
straw,0,0,0.328476855354,0.644554840232,0.0269683044142
improvement,1,0,0.132488727389,0.41557619621,0.4519350764
deceive,-1,-1,0.948635280365,0.00835555369658,0.0430091659383
appal,-1,-1,0.864013471748,0.0290789200827,0.106907608169
dastardly,-1,-1,0.864377616485,0.00982261130135,0.125799772214
devour,1,1,0.334496556978,0.175879557413,0.489623885609
"ill-fated",-1,0,0.196015337327,0.626380748972,0.177603913701
nastily,-1,-1,0.977333357934,0.019500828538,0.00316581352846
acerbically,-1,1,0.101213869022,0.0162221011837,0.882564029794
martini,0,0,0.000276629267114,0.981100964755,0.0186224059779
malicious,-1,-1,0.998237731897,0.000412746692135,0.00134952141038
flavor,0,0,0.00810279267669,0.952686747866,0.0392104594572
granite,0,0,0.347956092069,0.278515639774,0.373528268157
friendly,1,1,0.00888331272666,0.0326048325147,0.958511854759
morel,0,0,0.0251605074778,0.950163308457,0.0246761840651
fearful,-1,1,0.228870108623,0.0127945551204,0.758335336256
admirably,1,1,0.00104153422842,0.00620182203916,0.992756643732
infamously,-1,-1,0.853173382784,0.0169190462141,0.129907571001
delight,1,1,0.00836323345293,0.0390866277921,0.952550138755
cocoa,0,0,6.37543910392e-07,0.999545256997,0.000454105459451
aesthetics,0,0,0.0444681617318,0.819437812033,0.136094026235
humorless,-1,-1,0.986141733239,0.00518560494385,0.00867266181665
classy,1,1,0.00437023312022,0.0198018895479,0.975827877332
sommelier,0,0,0.00194025822201,0.945153613793,0.0529061279846
counter,0,0,0.296436562565,0.57837542654,0.125188010896
showeroom,0,0,0.196015337327,0.626380748972,0.177603913701
sinister,-1,-1,0.768641350011,0.0215250765467,0.209833573443
joyously,1,1,0.0029438386718,0.0101908461029,0.986865315225
excel,1,1,0.000167314208656,0.00733375778064,0.992498928011
pea,0,0,0.00697585763241,0.984744051542,0.00828009082604
badly,-1,-1,0.950702476177,0.00643200636136,0.0428655174614
stupendously,1,1,0.146961144856,0.0318834614549,0.821155393689
dollar,0,0,0.138580110741,0.740905112527,0.120514776732
stylishly,1,1,0.0142217035513,0.052201914709,0.93357638174
obscenely,-1,-1,0.898383252134,0.0110704900328,0.0905462578334
irk,-1,-1,0.793885007779,0.00662310602587,0.199491886195
sumptuous,1,1,0.00134122876212,0.00823831717348,0.990420454064
inability,-1,-1,0.7970179788,0.0918099669594,0.11117205424
roofdeck,0,0,0.0351310048715,0.850338430253,0.114530564876
bulky,-1,-1,0.88790324605,0.0428274471501,0.0692693068002
raging,-1,-1,0.958824981421,0.0233845687032,0.0177904498762
misbegotten,-1,-1,0.863314951469,0.0236627606411,0.11302228789
transcend,1,1,0.0715116550393,0.0344083502294,0.894079994731
luminary,1,1,0.0414328985424,0.252660491937,0.705906609521
junk,-1,0,0.214604794272,0.691849075696,0.0935461300325
"so-so",-1,0,0.196015337327,0.626380748972,0.177603913701
surround,0,1,0.042968837636,0.118951805746,0.838079356618
deliver,0,0,0.128113262618,0.42709574911,0.444790988272
unwatchable,-1,-1,0.975396015773,0.00112805230982,0.0234759319176
loveable,1,1,0.0560010518824,0.0110149489165,0.932983999201
soda,0,0,0.0168444028958,0.971389697304,0.0117658998002
successfully,1,1,0.0114334812064,0.0322381827737,0.95632833602
enchant,1,1,0.00118243331247,0.00665462245512,0.992162944232
bungle,-1,-1,0.98206146413,0.0141626223393,0.00377591353087
unpalatable,-1,-1,0.741426626753,0.0222995726811,0.236273800566
indifferent,-1,-1,0.947849516678,0.00576667684173,0.0463838064804
yellowtail,0,0,0.00132747627648,0.983645131765,0.0150273919582
resort,0,0,0.247664446819,0.725726709794,0.0266088433868
nefariously,-1,-1,0.953293447721,0.0326137280737,0.0140928242052
patio,0,0,5.9239616209e-05,0.991477766027,0.00846299435702
adroit,1,1,0.000692683915336,0.00767597619564,0.991631339889
dependable,1,1,0.000410232799901,0.00564680291024,0.99394296429
spice,0,0,0.0162773572903,0.969400188381,0.0143224543287
despondently,-1,-1,0.830612520884,0.106725478637,0.0626620004794
bluefish,0,0,0.00406036882433,0.988841670236,0.00709796093942
nuisance,-1,-1,0.96126002317,0.0297100757688,0.00902990106119
cappuccino,0,0,0.0260806505568,0.939406756246,0.0345125931976
own,0,1,0.225388843053,0.267384385635,0.507226771312
honesty,1,1,0.0773437545845,0.199259027848,0.723397217568
quality,0,1,0.0481533732466,0.42013232063,0.531714306123
blissfully,1,1,0.0235871359598,0.0475482713577,0.928864592682
staunch,1,-1,0.543573010811,0.0151280474326,0.441298941757
sangria,0,0,2.10417205244e-05,0.995443721504,0.00453523677529
okra,0,0,0.00408598346961,0.988004274187,0.00790974234346
cocktail,0,0,0.0125565928793,0.956154688618,0.0312887185022
maladjusted,-1,-1,0.998222473887,0.00107833098858,0.000699195124846
wayward,-1,-1,0.81853290466,0.0345495494617,0.146917545879
prosperous,1,0,0.428488305194,0.0827549994767,0.488756695329
zwieback,0,0,0.196015337327,0.626380748972,0.177603913701
cruelly,-1,-1,0.922143604711,0.00694566438597,0.0709107309031
trustworthy,1,1,0.016857591389,0.0828714986109,0.90027091
decent,0,1,0.0269762029077,0.0560759787941,0.916947818298
disappointingly,-1,-1,0.984616224623,0.00717349777421,0.00821027760318
pics,0,0,0.270784482911,0.619810618474,0.109404898615
breathtaking,1,1,0.00333309310406,0.0154791103,0.981187796596
despairing,-1,-1,0.983761430171,0.00137425029146,0.0148643195372
mango,0,0,0.0100819140973,0.985468653918,0.00444943198512
adoringly,1,1,0.012089567542,0.0269192259956,0.960991206462
tortilla,0,0,1.0182426365e-06,0.999636108194,0.000362873563595
asinine,-1,-1,0.94961712276,0.0134289214953,0.0369539557444
irresponsible,-1,-1,0.992977006347,0.000443814361471,0.00657917929176
detrimental,-1,-1,0.818993350916,0.00921755266403,0.17178909642
candle,0,0,0.0088871199698,0.764031665458,0.227081214572
enthrall,1,1,0.00874850199092,0.0373840835279,0.953867414481
spumoni,0,0,0.00384314184641,0.940695357902,0.0554615002517
abalone,0,0,0.00124018398277,0.99395243428,0.00480738173683
angelic,1,1,0.298037442152,0.0338937073646,0.668068850483
fresh,0,1,0.0122796955719,0.160945398322,0.826774906106
fondue,0,0,0.00181459759818,0.93367349412,0.064511908282
just,0,1,0.240087842098,0.281093193321,0.478818964582
coke,0,0,0.0333448197373,0.953794556972,0.0128606232909
inequitably,-1,-1,0.95031021544,0.0296794118292,0.0200103727305
brownie,0,0,0.0312580907382,0.714248111785,0.254493797477
avariciously,-1,0,0.27634268349,0.465634406577,0.258022909932
reliable,1,1,0.0054538572174,0.0174013641707,0.977144778612
hostile,-1,-1,0.993978230381,0.00138511383203,0.00463665578708
music,0,0,0.0125743784794,0.91242702475,0.074998596771
diverse,0,1,0.000202502589271,0.00786907423941,0.991928423171
turnip,0,0,0.0212113382551,0.96588204046,0.012906621285
felony,-1,-1,0.899371987249,0.090540210778,0.0100878019734
trendi,1,0,0.196015337327,0.626380748972,0.177603913701
trout,0,0,0.00747836679486,0.973830886433,0.0186907467718
cataclysmically,-1,-1,0.904451617423,0.0600289229469,0.0355194596306
insufferably,-1,-1,0.998236927269,0.000592422352636,0.00117065037838
fillet,0,0,0.00511065192312,0.983803060697,0.0110862873802
meaningless,-1,-1,0.968619019381,0.00719417432044,0.0241868062985
fudge,0,0,0.00154336303703,0.992961795314,0.00549484164854
return,0,0,0.0287136720054,0.832437174144,0.138849153851
jealous,-1,-1,0.97568580529,0.00896312975782,0.0153510649521
repugnant,-1,-1,0.967805277582,0.00601209531492,0.0261826271031
decoration,0,0,0.0051434757952,0.825200375675,0.16965614853
bouillabaisse,0,0,0.00571542019455,0.980087947797,0.0141966320087
"ill-tempered",-1,0,0.196015337327,0.626380748972,0.177603913701
ecstatically,1,1,0.0485457319623,0.00918304928899,0.942271218749
careless,-1,-1,0.997474775553,0.00100506523682,0.00152015920976
various,0,1,0.377959499252,0.0566724827268,0.565368018021
kitchen,0,0,2.5122362186e-05,0.995053108467,0.00492176917052
unsupportive,-1,-1,0.992567295794,0.0015927065596,0.00583999764654
valuable,1,1,0.0133282017811,0.0534765280563,0.933195270163
inexpert,-1,-1,0.940853157062,0.0324072372691,0.0267396056694
venomous,-1,-1,0.897407744347,0.010262008993,0.0923302466602
beneficent,1,1,0.0221307897573,0.0213585934842,0.956510616759
villainously,-1,-1,0.755590458254,0.118578040252,0.125831501495
wary,-1,-1,0.813200590583,0.00275953296118,0.184039876456
amiss,-1,-1,0.729094388896,0.202234045983,0.0686715651207
jelly,0,0,0.00463265697915,0.957803438162,0.0375639048588
appall,-1,-1,0.976518730553,0.00835649300026,0.0151247764463
advocate,1,0,0.072095307888,0.817405381024,0.110499311088
main,0,1,0.139742888219,0.25176739019,0.608489721592
popular,1,1,0.0726636068486,0.20900662046,0.718329772692
appreciative,1,1,0.0155601413884,0.00770085659502,0.976739002017
conch,0,0,0.0273662926206,0.934710976309,0.0379227310701
mercifully,1,-1,0.887400450699,0.0475760195768,0.0650235297237
capable,1,1,0.0118097115514,0.0104842040599,0.977706084389
pasta,0,0,1.08828888974e-05,0.996779703566,0.00320941354522
amicably,1,1,0.035700028372,0.101667291999,0.862632679629
mayo,0,0,0.00751739208757,0.938986831772,0.0534957761409
bustle,1,0,0.222039669497,0.460813740777,0.317146589725
comfy,1,1,0.0478210774684,0.120798727935,0.831380194597
sardonic,-1,0,0.486456290801,0.00814356273924,0.50540014646
horseradish,0,0,3.97394380421e-06,0.998272987558,0.00172303849777
peerless,1,1,0.00176326741225,0.0134026339238,0.984834098664
boredom,-1,-1,0.974767732437,0.0145458940227,0.0106863735404
unfriendly,-1,-1,0.983829101032,0.00199149847764,0.0141794004906
favourite,1,1,0.00893125816965,0.108589126949,0.882479614881
modern,1,1,0.101662795265,0.144963426466,0.753373778269
dauntless,1,1,0.00343021248698,0.0148771704656,0.981692617047
fucker,-1,0,0.496429819662,0.491661144923,0.0119090354149
sturgeon,0,0,0.0115934698561,0.968085371073,0.0203211590708
charm,1,0,0.0947761150015,0.417167534199,0.4880563508
forgettable,-1,-1,0.782617220423,0.00918993596521,0.208192843612
fabulously,1,1,0.00301635142117,0.0112717228995,0.985711925679
impecable,1,1,0.015062920887,0.0568900774097,0.928047001703
catcher,1,0,0.0120494440307,0.911812248182,0.0761383077877
unimaginative,-1,-1,0.883719200946,0.0131837843425,0.103097014712
trick,-1,0,0.242785515022,0.421685912841,0.335528572137
unprofessional,-1,-1,0.998766102809,0.000580034856548,0.000653862334657
satisfied,1,1,0.025570014889,0.0237796204407,0.95065036467
ingredient,0,0,0.00862214644883,0.889819247951,0.1015586056
like,0,0,0.213828941186,0.515709528606,0.270461530208
gaudy,-1,1,0.032391803945,0.0211337958347,0.94647440022
nifty,1,1,0.00232337690696,0.0113355347876,0.986341088305
apathy,-1,-1,0.972687517992,0.0156060971088,0.0117063848996
economical,1,1,0.0101134737139,0.0269976904641,0.962888835822
aspic,0,0,0.0265087603742,0.858004019629,0.115487219997
harsh,-1,-1,0.796719786891,0.00641841890279,0.196861794206
scratchy,-1,-1,0.60796963764,0.0308473899847,0.361182972375
cleverly,1,1,0.0115973980221,0.0208982029371,0.967504399041
sandwich,0,0,8.89040166502e-06,0.998528457878,0.00146265172007
dismal,-1,-1,0.550132835364,0.0118870203623,0.437980144273
review,0,0,0.29030811247,0.613949463158,0.0957424243718
pietra,0,0,0.145535534962,0.699042542147,0.15542192289
quacamole,0,0,0.196015337327,0.626380748972,0.177603913701
disgust,-1,-1,0.972087439748,0.0145740147927,0.0133385454588
peaceful,1,1,0.0133798385837,0.0175225171235,0.969097644293
salmon,0,0,0.00222284627542,0.992528992757,0.00524816096791
woe,-1,-1,0.751086417173,0.0802723366235,0.168641246203
gooseberry,0,0,0.002546490183,0.97774655876,0.0197069510572
chowder,0,0,0.00406506865794,0.990074819798,0.00586011154414
painlessly,1,-1,0.983310950984,0.00195820971477,0.0147308393013
ackward,-1,-1,0.567881740698,0.271739533787,0.160378725515
agreeably,1,1,0.00871309555518,0.0146382507475,0.976648653697
ameliorate,1,-1,0.627430956696,0.0158341108383,0.356734932466
location,0,0,0.0102025092931,0.931567900287,0.0582295904196
befoul,-1,-1,0.875439813401,0.0837996403496,0.0407605462491
bouillon,0,0,4.15156753693e-05,0.993272693954,0.00668579037064
uncomfy,-1,0,0.412389108808,0.408908727282,0.17870216391
bore,-1,-1,0.917227954542,0.0666290654366,0.016142980021
"maitre",0,0,0.196015337327,0.626380748972,0.177603913701
conspiratorial,-1,1,0.414991367489,0.0427813412663,0.542227291245
hominy,0,0,0.00478510471495,0.975544910739,0.0196699845463
impudent,-1,-1,0.557228650276,0.0080653699361,0.434705979788
torpor,-1,-1,0.965971077568,0.0187646623421,0.0152642600897
fascinate,1,1,0.0760424712604,0.0243206900141,0.899636838725
ricotta,0,0,7.89082367595e-06,0.996939829279,0.00305227989714
accommodative,1,1,0.21325040458,0.108255092489,0.678494502931
asparagus,0,0,0.00353008314418,0.987616257643,0.00885365921236
croissant,0,0,0.00287075253524,0.989487796031,0.00764145143392
venomously,-1,-1,0.944215052799,0.0353358199621,0.0204491272387
hovel,0,0,0.208473108063,0.693713207396,0.0978136845406
spoil,-1,1,0.29925936954,0.144789180838,0.555951449622
insult,-1,-1,0.993062081908,0.00391373517173,0.00302418291986
impair,-1,-1,0.889841136074,0.0448865076186,0.0652723563077
liquor,0,0,0.0180707918744,0.972026697939,0.00990251018672
dismissive,-1,-1,0.927818432221,0.0088288839332,0.0633526838456
coleslaw,0,0,5.16032895424e-05,0.992233429101,0.00771496760976
reject,-1,-1,0.958411621287,0.0306539449402,0.0109344337726
margarine,0,0,0.00520391731711,0.9881756529,0.00662042978285
pestilent,-1,-1,0.879037268577,0.0736254210583,0.0473373103652
eclectic,1,1,0.000284059985726,0.0043746565889,0.995341283425
sweet,1,1,0.021562280245,0.0640589603007,0.914378759454
felicitous,1,1,0.0106132903361,0.020429035678,0.968957673986
deceitfully,-1,-1,0.898864944089,0.0370166688761,0.0641183870351
cloying,-1,-1,0.79690472401,0.0355311633508,0.167564112639
hostel,0,0,0.139609634467,0.852024001064,0.00836636446855
imposture,-1,-1,0.77655945291,0.191571640727,0.0318689063624
flawless,1,1,4.98400857342e-05,0.0027523559374,0.997197803977
generously,1,1,0.0172824670986,0.176987116725,0.805730416177
pleasurably,1,1,0.0248765967838,0.0931679952542,0.881955407962
scenery,0,0,0.0128855380558,0.97318556488,0.0139288970646
unappreciative,-1,-1,0.927573709603,0.0183648092888,0.0540614811079
lolly,0,0,0.00808297033719,0.868416834416,0.123500195246
downside,-1,0,0.305630966634,0.485177912576,0.209191120789
felicitate,1,1,0.0150773821494,0.0863389000694,0.898583717781
candy,0,0,0.0152783778064,0.907053519291,0.0776681029021
avocado,0,0,0.0133870733154,0.968815628428,0.0177972982564
beneficially,1,1,0.0777386146566,0.0772792314183,0.844982153925
coffee,0,0,0.00379865586971,0.983249827734,0.0129515163964
overcompensate,1,-1,0.735292938264,0.066580710837,0.198126350899
rabid,-1,-1,0.979287305283,0.00294710395045,0.0177655907661
tire,-1,0,0.139769474992,0.759117649651,0.101112875356
helpful,1,1,0.0133002809263,0.0388886549016,0.947811064172
unimportant,-1,-1,0.889630737574,0.0135867859248,0.0967824765013
profitable,1,1,0.0194009225068,0.0422607924097,0.938338285083
gross,-1,-1,0.987279866326,0.00885980613049,0.00386032754361
strudel,0,0,0.00933932970101,0.976183582375,0.0144770879239
deficiency,-1,-1,0.935189912145,0.045441749617,0.0193683382378
unaccommodating,-1,-1,0.981432809919,0.00713871309151,0.0114284769897
awe,1,1,0.00548713500457,0.025322911226,0.969189953769
cravenly,-1,-1,0.968476257845,0.0193655940417,0.0121581481136
moron,-1,-1,0.834193128084,0.139824134951,0.025982736965
inappropriate,-1,-1,0.916120938762,0.0157552411233,0.0681238201148
dessserts,0,0,0.196015337327,0.626380748972,0.177603913701
tamale,0,0,4.30982424244e-05,0.993144317851,0.00681258390692
"ill-used",-1,0,0.196015337327,0.626380748972,0.177603913701
importunate,-1,-1,0.713907085188,0.0609655759838,0.225127338828
tasty,1,1,0.00639610422919,0.137333750642,0.856270145129
disgustful,-1,-1,0.945182847129,0.0379271567463,0.0168899961252
milkshake,0,0,1.50674666258e-05,0.997157932684,0.00282699984985
thin,0,-1,0.667075242994,0.0575971327324,0.275327624274
rude,-1,-1,0.997249143439,0.00202110390119,0.000729752659975
dismay,-1,-1,0.97107535125,0.0105899843898,0.0183346643603
happy,1,1,0.0112662327257,0.0366157754922,0.952117991782
satisfied,1,1,0.025570014889,0.0237796204407,0.95065036467
good,1,1,0.0133955296371,0.0554253133366,0.931179157026
positive,1,1,0.102192302085,0.0183581148169,0.879449583098
excellent,1,1,0.000107737791626,0.00572367229799,0.99416858991
flawless,1,1,4.98400857342e-05,0.0027523559374,0.997197803977
unimpaired,1,1,0.248041272218,0.0611316506213,0.69082707716
unhappy,-1,1,0.43441709283,0.00932024911831,0.556262658052
unsatisfied,-1,-1,0.94531489585,0.00371595569697,0.0509691484527
bad,-1,-1,0.979334014583,0.00793871735659,0.0127272680608
negative,-1,1,0.217686506652,0.0509083449213,0.731405148426
poor,-1,-1,0.984323423848,0.00367071000511,0.0120058661466
flawed,-1,-1,0.877073582202,0.00470355057876,0.118222867219
defective,-1,-1,0.947543400617,0.0341787537721,0.018277845611
food,0,0,0.00221562189145,0.981763533649,0.0160208444594
building,0,0,0.0329496197001,0.8820830908,0.0849672894997
