word,Actual_Polarity,Calc_Polarity,NegativeSimilarity,NeutralSimilarity,PositiveSimilarity
outstand,1,1,0.070129500032,0.237188419609,0.692682080359
disgust,-1,-1,0.99350509081,0.00485189333929,0.0016430158511
lighting,0,0,0.0170271018317,0.683725558399,0.29924733977
substandard,-1,-1,0.99157154863,0.0063660824203,0.00206236895018
worthlessly,-1,0,0.149932781443,0.548983123174,0.301084095383
calumniously,-1,0,0.149932781443,0.548983123174,0.301084095383
devious,-1,-1,0.93768373919,0.00387992531644,0.0584363354937
meatloaf,0,0,7.98588611496e-06,0.997079509138,0.00291250497576
hazelnut,0,0,4.26107218317e-06,0.997877238739,0.00211850018891
horrendously,-1,-1,0.996929614799,0.00171243496155,0.00135795023926
light,0,0,0.0660221403112,0.656544476093,0.277433383596
bother,-1,-1,0.976190660326,0.014203578865,0.00960576080889
belligerently,-1,-1,0.992524542294,0.00115927268985,0.00631618501601
marzipan,0,0,0.000304731294371,0.980346698022,0.0193485706839
practical,1,1,0.0127309208146,0.157735534241,0.829533544945
winningest,1,1,0.0075011724475,0.0740465429596,0.918452284593
extensive,1,1,0.0173047253815,0.205942013891,0.776753260728
wheat,0,0,0.0016318636162,0.994400730188,0.00396740619534
cobweb,0,0,0.148770694732,0.788507928921,0.0627213763468
basil,0,0,7.36733297925e-06,0.997010074274,0.00298255839302
squab,0,0,0.000419864172592,0.976624136774,0.0229559990535
altruistic,1,1,0.0395281802588,0.00618251892583,0.954289300815
smutty,-1,-1,0.975491332731,0.00755194302211,0.0169567242464
ribbon,0,0,0.0016275124597,0.936526999398,0.0618454881424
grubby,-1,-1,0.975936942834,0.0152785326378,0.00878452452858
teapot,0,0,0.00291034588447,0.972475040233,0.0246146138825
train,1,0,0.0482566545333,0.53992173895,0.411821606517
insupportably,-1,0,0.149932781443,0.548983123174,0.301084095383
celery,0,0,2.48668214368e-06,0.998599974221,0.00139753909667
monstrously,-1,-1,0.935424044357,0.0167381397562,0.0478378158873
aggressive,-1,1,0.413094302352,0.031252213905,0.555653483743
entertain,1,1,0.0170031968502,0.0649032701924,0.918093532957
disgust,-1,-1,0.99350509081,0.00485189333929,0.0016430158511
price,0,0,0.0305405345451,0.835862201415,0.13359726404
kickass,-1,1,0.0160734171527,0.0763163692863,0.907610213561
pan,0,0,0.00343605141186,0.950729545752,0.0458344028362
revere,1,1,0.00344105127852,0.00666446615305,0.989894482568
indecently,-1,1,0.410074570062,0.0244199384269,0.565505491511
accomodative,1,1,0.184595596826,0.110733982545,0.704670420629
repressive,-1,-1,0.981867872855,0.0037340502381,0.0143980769072
illogic,-1,-1,0.987853394748,0.00530115952241,0.00684544572924
torpidity,-1,-1,0.683734828813,0.137066649516,0.17919852167
ridiculous,-1,-1,0.990771122304,0.00383459589628,0.00539428180013
sicken,-1,-1,0.973760286202,0.0170727966058,0.00916691719241
transcendent,1,1,0.00015375633784,0.00173026369245,0.99811597997
acrid,-1,-1,0.824353206154,0.143430521853,0.0322162719929
grumpily,-1,-1,0.986443534519,0.00870063470539,0.00485583077594
enchant,1,1,1.48856526171e-05,0.00208984001262,0.997895274335
enchantingly,1,1,0.00504103165804,0.0382838791934,0.956675089149
saute,0,0,1.75515183787e-05,0.995374639975,0.00460780850682
cognac,0,0,0.000272341912543,0.981452279678,0.0182753784096
appalling,-1,-1,0.997798624447,0.000457619024694,0.00174375652856
insult,-1,-1,0.99776355825,0.00167068259183,0.000565759157916
appropriate,1,1,0.019526578063,0.0723400142598,0.908133407677
walnut,0,0,4.48582851602e-06,0.997699072639,0.0022964415326
apprehensively,-1,0,0.424943821753,0.130481041759,0.444575136488
handsomely,1,1,0.00204349814268,0.00885548155318,0.989101020304
peppy,1,1,0.00050982551136,0.00630122651622,0.993188947972
derogatory,-1,-1,0.993819335785,0.0048927304004,0.0012879338146
kiwi,0,0,0.00330560252297,0.953845844061,0.0428485534156
scornfully,-1,-1,0.995774112549,0.00132706340347,0.00289882404728
gelatin,0,0,5.06043217586e-05,0.992210256385,0.00773913929338
rotten,-1,-1,0.951616611758,0.042310449084,0.006072939158
harshly,-1,-1,0.995581062313,0.00106849272885,0.0033504449581
roll,0,0,0.0982876743836,0.680017478191,0.221694847426
abrupt,-1,-1,0.882957593819,0.033391378386,0.0836510277953
talented,1,1,3.12277228648e-05,0.00251138979307,0.997457382484
huge,0,1,0.0695000303372,0.297685105127,0.632814864536
heavenly,1,1,0.00210537961437,0.0672198538269,0.930674766559
rapture,1,1,0.0681305734729,0.0274044394625,0.904464987065
regrettable,-1,-1,0.946163727901,0.00490552536397,0.0489307467346
meal,0,0,4.91988463058e-05,0.992210770274,0.00774003087973
mess,-1,-1,0.922420015984,0.065196766417,0.0123832175986
clam,0,0,0.003380888372,0.988756574528,0.00786253709998
slowwww,-1,0,0.149932781443,0.548983123174,0.301084095383
request,0,0,0.0709649106291,0.720158332595,0.208876756775
thankful,1,1,0.00357877473406,0.0235961118776,0.972825113388
delectation,1,1,0.0364343436512,0.138055288123,0.825510368226
awesomely,1,1,0.0226463532338,0.0364879490899,0.940865697676
beauty,1,1,0.00376305316772,0.159647556237,0.836589390595
majestic,1,1,7.70138604561e-05,0.00665897707311,0.993264009066
exquisite,1,1,9.02820245906e-05,0.0124067136094,0.987503004366
entire,0,1,0.152786751024,0.32386559344,0.523347655536
hartshorn,0,0,0.149932781443,0.548983123174,0.301084095383
valiant,1,1,0.0256788817745,0.00467498165649,0.969646136569
magnificent,1,1,2.27157504206e-05,0.00282630165154,0.997150982598
ration,0,0,0.0708751390916,0.893960582909,0.0351642779996
seedy,-1,-1,0.936189043418,0.0454957587105,0.018315197872
guava,0,0,1.33772901143e-05,0.995994121576,0.00399250113387
joyfully,1,1,0.00182389265407,0.00879767768921,0.989378429657
marinara,0,0,1.03971571629e-05,0.996583734516,0.00340586832665
disastrously,-1,-1,0.993426285409,0.0032444269615,0.00332928762929
overcharge,-1,-1,0.928640948945,0.0584256861937,0.0129333648614
disgraceful,-1,-1,0.999360160967,0.00027694345483,0.000362895578422
atrocious,-1,-1,0.989482282083,0.000492503658762,0.010025214258
maliciously,-1,-1,0.993230675572,0.00376646469219,0.00300285973599
sloooow,-1,-1,0.457579503659,0.250023927912,0.292396568429
uncivil,-1,-1,0.999221782673,0.000269181885329,0.000509035441343
burger,0,0,2.59973667223e-06,0.998467441985,0.00152995827869
spirited,1,1,0.00182623827423,0.00423897984384,0.993934781882
tremendous,1,1,0.00149669614575,0.0174554237063,0.981047880148
nauseate,-1,-1,0.949632986859,0.0211760178774,0.0291909952635
trashy,-1,-1,0.97422163721,0.0131753026162,0.0126030601734
spurious,-1,-1,0.978710043443,0.0159374302397,0.00535252631752
servant,0,1,0.10569518692,0.197053173538,0.697251639542
compliment,1,1,0.00718277728569,0.0498331468865,0.942984075828
malevolently,-1,-1,0.973265100527,0.0125226608847,0.0142122385881
regrettably,-1,-1,0.917640300062,0.0263087243027,0.0560509756355
"high_quality",1,0,0.149932781443,0.548983123174,0.301084095383
macaroon,0,0,5.53318690172e-05,0.992555621618,0.0073890465132
bitch,-1,-1,0.955313725734,0.0394933024986,0.00519297176716
blissful,1,1,0.00152614349468,0.00626836651867,0.992205489987
unusable,-1,-1,0.962817525545,0.0294206628647,0.00776181159069
abundant,1,1,0.00662975092313,0.0684781188656,0.924892130211
wholesome,1,1,0.00319913160986,0.03663434781,0.96016652058
hall,0,0,0.0451303223352,0.849038885813,0.105830791852
complacent,-1,-1,0.97852293426,0.00385433968009,0.0176227260603
delivery,0,0,0.0248227103881,0.631502604182,0.34367468543
passivity,-1,-1,0.99028083124,0.00323368724312,0.0064854815169
harmful,-1,-1,0.982922933374,0.00799243673968,0.00908462988667
delectable,1,1,0.000443025395269,0.146337947597,0.853219027008
valiantly,1,1,0.0587318834005,0.0134380304734,0.927830086126
section,0,0,0.123790556958,0.747502406198,0.128707036844
confusing,-1,-1,0.986845344872,0.00861310123807,0.00454155389023
talent,1,1,0.00423691215929,0.0695553491029,0.926207738738
enthusiastically,1,1,0.00323511962128,0.0133820549483,0.98338282543
smugly,-1,-1,0.873369938039,0.00923467661075,0.11739538535
glad,1,1,0.0199495468758,0.08964253565,0.890407917474
pickle,0,0,0.0118321873404,0.97684053452,0.0113272781392
ladyfinger,0,0,0.00110170278737,0.989471185148,0.00942711206458
grandioso,1,0,0.149932781443,0.548983123174,0.301084095383
pomegranate,0,0,3.95284708668e-05,0.99302998611,0.00693048541901
corner,0,0,0.0751899421698,0.617611333474,0.307198724356
merit,1,1,0.156419743052,0.218436905348,0.625143351601
stupidly,-1,-1,0.989348014949,0.00397825241757,0.0066737326333
basic,0,1,0.0962853762391,0.379445693067,0.524268930694
disrespectfully,-1,-1,0.995592034157,0.00311037619835,0.00129758964449
caviar,0,0,1.25980564888e-05,0.996314871949,0.00367252999428
poor,-1,-1,0.983778540231,0.00655890692622,0.00966255284297
lemon,0,0,5.72655219154e-05,0.99230254944,0.0076401850383
"ill-favored",-1,0,0.149932781443,0.548983123174,0.301084095383
option,0,0,0.0418041075585,0.668040057489,0.290155834953
cabernet,0,0,0.000402907976266,0.977017259763,0.022579832261
legume,0,0,0.000109796230369,0.989067166578,0.0108230371913
acceptable,1,1,0.402909867033,0.0506345252387,0.546455607728
virtuously,1,1,0.0661970095128,0.0630237040058,0.870779286481
curry,0,0,8.643087051e-06,0.997416276521,0.00257508039154
trust,1,1,0.105207152459,0.217680974967,0.677111872574
snob,0,0,0.373724542807,0.294687097557,0.331588359636
caper,0,0,0.191580106683,0.683807050448,0.124612842868
hoodwink,-1,-1,0.981098774518,0.00564900788136,0.0132522176008
grit,0,1,0.0348207713389,0.196388395013,0.768790833648
subpar,-1,-1,0.975366395988,0.00346414258843,0.0211694614237
damn,-1,-1,0.799439266003,0.0716851510995,0.128875582898
rile,-1,-1,0.984685650262,0.00593296420094,0.00938138553688
wrap,0,0,0.0291740719202,0.742249145888,0.228576782191
caraway,0,0,0.000213856395724,0.983498057296,0.0162880863087
order,0,0,0.0395471625939,0.7474001833,0.213052654106
frustrate,-1,-1,0.970529577941,0.00307491244546,0.0263955096133
imaginative,1,1,0.000159581336602,0.00562456631678,0.994215852347
ineloquently,-1,0,0.149932781443,0.548983123174,0.301084095383
fuss,-1,-1,0.500868608279,0.152142536514,0.346988855207
stupidity,-1,-1,0.996256598324,0.00228950039582,0.00145390128046
pastry,0,0,1.09628352169e-06,0.998879560513,0.00111934320319
overpay,0,-1,0.618271818789,0.177604026069,0.204124155142
wedding,0,0,0.00453416939905,0.929071054664,0.0663947759365
festive,1,1,0.00391548834239,0.359873015877,0.63621149578
terrace,0,0,0.00256651436409,0.935026667739,0.0624068178971
agave,0,0,2.24957188153e-05,0.994762680215,0.00521482406663
riveting,1,1,0.0073790356136,0.00299593625724,0.989625028129
alarm,-1,-1,0.714148786,0.241869761972,0.0439814520284
scene,0,0,0.0783931738764,0.601042540852,0.320564285272
inhospitable,-1,-1,0.871451873879,0.00792570770504,0.120622418416
unhappiness,-1,-1,0.988416556827,0.00406276681301,0.00752067636047
flower,0,0,0.00076359404058,0.968132096461,0.0311043094984
nark,1,-1,0.829330680528,0.149077390603,0.021591928869
enjoyable,1,1,9.81472413899e-06,0.00182251061545,0.99816767466
toffee,0,0,0.000144073815645,0.986791364148,0.0130645620361
skewer,0,0,0.0905672771053,0.776861951262,0.132570771633
wondrous,1,1,0.000173192703942,0.00317495530375,0.996651851992
gourmet,1,0,6.65858126315e-05,0.957410680407,0.0425227337808
worry,-1,-1,0.900038537789,0.0672091103968,0.0327523518146
haddock,0,0,1.28077003207e-05,0.996476951947,0.00351024035232
bemuse,-1,1,0.354934889869,0.0202891300741,0.624775980057
"ill-natured",-1,0,0.149932781443,0.548983123174,0.301084095383
caffe,0,0,0.00120817513375,0.959248149147,0.0395436757196
inedible,-1,0,0.171523546444,0.788392867217,0.0400835863388
fry,0,0,0.0079544013115,0.984441848672,0.00760375001696
adverse,-1,-1,0.86521904762,0.0638387913235,0.0709421610569
appetizer,0,0,7.53000946844e-05,0.990309145623,0.00961555428256
tender,1,0,0.0180928499831,0.449294998039,0.532612151978
sickly,-1,-1,0.962985771588,0.0225128314509,0.0145013969608
pear,0,0,4.28744798625e-06,0.997745096902,0.00225061565048
betray,-1,-1,0.969199140686,0.00666140027035,0.0241394590432
atmoshere,0,0,0.149932781443,0.548983123174,0.301084095383
affectionate,1,1,0.000931130220771,0.00219112936901,0.99687774041
annoy,-1,-1,0.992416752029,0.00384649273754,0.00373675523333
succotash,0,0,0.000428354077604,0.976485534684,0.0230861112389
tinny,-1,-1,0.846233790027,0.0960935407666,0.0576726692067
deplore,-1,-1,0.993807148048,0.00282446651302,0.00336838543853
cantaloupe,0,0,3.14123373934e-06,0.99830645852,0.00169040024597
kabob,0,0,2.03243793466e-05,0.995018971381,0.00496070424006
boring,-1,-1,0.960287511045,0.00534046984892,0.0343720191065
feeble,-1,-1,0.995888945171,0.00105084806603,0.00306020676313
crude,-1,0,0.45798235008,0.456777267971,0.0852403819493
lobster,0,0,5.26323111132e-06,0.997774639147,0.00222009762223
wild_rice,0,0,0.149932781443,0.548983123174,0.301084095383
desk,0,0,0.0519653599709,0.848047744431,0.0999868955976
frontman,0,0,0.391743630795,0.251877886792,0.356378482413
enticing,1,1,0.0118116590828,0.0244808428981,0.963707498019
authentic,1,1,0.00189959052595,0.10094495672,0.897155452754
overrate,-1,-1,0.90086394746,0.00785234824674,0.0912837042929
dirty,0,-1,0.966422854955,0.0252329402092,0.00834420483605
cucumber,0,0,2.77364877394e-05,0.994348816844,0.0056234466685
gloriously,1,1,0.0156135985204,0.00773378782638,0.976652613653
terrible,-1,-1,0.97811196597,0.0040329478211,0.0178550862087
affordably,1,1,0.00258867435752,0.0833997604202,0.914011565222
harassment,-1,-1,0.957769516741,0.035258792207,0.00697169105236
melt,1,0,0.050093963877,0.667641987033,0.28226404909
heartily,1,1,0.0305958926112,0.0572825854284,0.91212152196
overzealous,-1,-1,0.994353962112,0.0042934902033,0.00135254768488
heavy-handed,-1,0,0.149932781443,0.548983123174,0.301084095383
gluten,0,0,0.00390760242416,0.988098841522,0.00799355605384
heartless,-1,-1,0.998662008721,0.000393468240287,0.000944523038667
endear,1,1,0.117174125489,0.00247536722318,0.880350507288
slanderous,-1,-1,0.996934280288,0.00223287094237,0.000832848770123
comfort,0,1,0.0123586907639,0.119707754847,0.867933554389
syrah,0,0,0.000216685592702,0.983326033736,0.0164572806711
montparnasse,0,0,0.149932781443,0.548983123174,0.301084095383
gracefully,1,1,0.000246947210334,0.00291438882346,0.996838663966
nasty,-1,-1,0.993298104005,0.00451562728987,0.00218626870492
hysterically,-1,-1,0.991211215606,0.00237325269167,0.00641553170199
pudding,0,0,2.7284414632e-05,0.994458266797,0.00551444878881
motel,0,0,0.046581222178,0.936288581822,0.0171301959999
veggies,0,0,1.06785343784e-05,0.996400440439,0.0035888810266
antipasto,0,0,1.84846062639e-05,0.995245133592,0.00473638180144
torpiness,-1,0,0.149932781443,0.548983123174,0.301084095383
treacherously,-1,-1,0.888301105879,0.0291896375331,0.0825092565879
food,0,0,0.00169158921648,0.988347757587,0.00996065319621
smooth,1,1,0.00249661571992,0.0272037964808,0.970299587799
pack,-1,0,0.0898918281003,0.68712099519,0.222987176709
torturous,-1,-1,0.961366675029,0.00507341689128,0.0335599080801
blameless,1,-1,0.983524906384,0.00107484035002,0.0154002532664
busboy,0,0,0.0481715792546,0.904814562382,0.0470138583637
fromager,0,0,0.0351777319015,0.616100476607,0.348721791492
annihilate,-1,-1,0.814404533259,0.0146986174663,0.170896849274
success,1,1,0.00670723416456,0.0792461430582,0.914046622777
balsamic,0,0,9.28888796336e-06,0.996660647927,0.00333006318467
bean,0,0,1.29310341822e-05,0.996896713431,0.00309035553494
doughnut,0,0,0.149932781443,0.548983123174,0.301084095383
uncompetitive,-1,-1,0.993534344642,0.0044098733409,0.00205578201745
next,0,0,0.0567312880294,0.637882645331,0.30538606664
dark,0,-1,0.45225879239,0.210467365379,0.337273842232
awe,1,1,0.000845863398011,0.00572346785255,0.993430668749
piteous,-1,-1,0.989698772524,0.00266499790724,0.00763622956887
hilarious,1,1,0.098998758017,0.0106497126898,0.890351529293
outperformance,1,1,0.0310122460214,0.219313052654,0.749674701324
arrogant,-1,-1,0.995519318518,0.000264587895707,0.00421609358672
thai,0,0,0.0116985185006,0.817765702136,0.170535779363
attractively,1,1,0.00217145789227,0.0249796955437,0.972848846564
"%c%c*bread",0,0,0.149932781443,0.548983123174,0.301084095383
sarcastically,-1,-1,0.946283993801,0.0269384416522,0.0267775645465
present,0,1,0.0727605823655,0.34794090817,0.579298509464
joint,0,0,0.0789099737548,0.683010936347,0.238079089898
alcohol,0,0,0.0212576013112,0.963363257854,0.0153791408346
discontented,-1,-1,0.972806375841,0.00523829759959,0.0219553265597
sparerib,0,0,0.149932781443,0.548983123174,0.301084095383
appallingly,-1,-1,0.997652037433,0.000638424793374,0.00170953777407
staid,-1,1,0.206682979579,0.0182806897615,0.775036330659
shrimp,0,0,7.9183188239e-07,0.999157947231,0.000841260937346
throw,-1,0,0.244113208982,0.607172281401,0.148714509617
waitstaffs,0,0,0.0680315719659,0.55361843483,0.378349993204
costly,0,-1,0.899990175215,0.0298804521835,0.0701293726013
ashamed,-1,-1,0.991958259076,0.00170581904696,0.00633592187684
quarrelsome,-1,-1,0.980392087554,0.00593908193248,0.0136688305135
mussles,0,0,0.149932781443,0.548983123174,0.301084095383
ingeniously,1,1,0.011798532734,0.0316710042697,0.956530462996
brutally,-1,-1,0.902389646854,0.0200283981449,0.0775819550011
disgust,-1,-1,0.99350509081,0.00485189333929,0.0016430158511
unprofitable,-1,-1,0.881101396236,0.0477585193565,0.0711400844075
nectar,0,0,0.000177751422284,0.939860605958,0.0599616426201
calumnious,-1,-1,0.985031533374,0.00770343462105,0.00726503200453
simple,0,1,0.0200414180603,0.116089996608,0.863868585332
defamatory,-1,-1,0.989331876919,0.00404775878731,0.006620364294
run-down,-1,0,0.149932781443,0.548983123174,0.301084095383
bounteous,1,1,0.00241790067766,0.0229092714487,0.974672827874
dishonorablely,-1,0,0.149932781443,0.548983123174,0.301084095383
flounder,0,0,0.0735456020336,0.881853729906,0.0446006680606
mousse,0,0,4.34890368489e-05,0.992723354681,0.00723315628256
ramshackle,-1,-1,0.733693969823,0.129429902245,0.136876127932
quaint,1,1,0.0525550100481,0.118294002338,0.829150987614
top_notch,1,0,0.149932781443,0.548983123174,0.301084095383
sweetness,1,1,0.00143966329903,0.36606931867,0.632491018031
crowd,-1,1,0.0819911513292,0.309273416083,0.608735432588
ignorance,-1,-1,0.991357466656,0.00548037134785,0.00316216199584
ramp,0,0,0.063728302871,0.617045956558,0.319225740571
overprice,-1,-1,0.950846517049,0.0396761176412,0.00947736530986
tiresome,-1,-1,0.991563774298,0.00131576939631,0.00712045630588
must,1,1,0.16315765729,0.259943552369,0.576898790341
occasion,0,1,0.0361360712649,0.293263950639,0.670599978096
scant,-1,-1,0.713077920545,0.117388110939,0.169533968516
snobish,-1,0,0.149932781443,0.548983123174,0.301084095383
beat,-1,1,0.183568600528,0.238764738891,0.577666660581
stellar,1,1,0.000420343572634,0.00339798380457,0.996181672623
impressively,1,1,0.000149808475706,0.00284054492725,0.997009646597
disparage,-1,-1,0.977385233419,0.00379719944348,0.0188175671376
heaviness,-1,1,0.314924087029,0.226318217853,0.458757695118
borscht,0,0,5.63722148542e-05,0.991808058346,0.00813556943954
view,0,1,0.138331707454,0.367674336125,0.493993956422
dreck,-1,-1,0.980687584747,0.00716835412619,0.0121440611267
admiration,1,1,0.000546054731318,0.00466550441666,0.994788440852
belittle,-1,-1,0.993255701078,0.0026871420429,0.00405715687924
cram,-1,-1,0.607046992686,0.258819812012,0.134133195302
collard,0,0,4.01211727108e-05,0.993390243019,0.00656963580854
pecan,0,0,1.61153627174e-06,0.998658219968,0.00134016849542
masterful,1,1,2.06304978894e-06,1.10899469507e-06,0.999996827956
great,0,1,0.00208390581498,0.0199707732719,0.977945320913
cook,0,0,0.000114842953866,0.988056926985,0.0118282300608
souffle,0,0,0.000782634787847,0.96775125238,0.0314661128325
high-spirited,1,0,0.149932781443,0.548983123174,0.301084095383
beautiful,1,1,8.49925152256e-05,0.0114549172468,0.988460090238
surpass,1,1,0.00764966281839,0.0317877655831,0.960562571599
chick,0,0,0.102049592209,0.834442191538,0.0635082162525
refresh,1,1,0.0215760192458,0.317958427595,0.660465553159
water,0,0,0.0113090746919,0.948183589086,0.0405073362219
stuffy,-1,-1,0.887062728317,0.0516044896404,0.0613327820426
dextrous,1,1,0.000839857263352,0.00422117571954,0.994938967017
uninteresting,-1,-1,0.987919968123,0.00325861812205,0.00882141375526
swordfish,0,0,1.94496007679e-05,0.995438128951,0.00454242144842
endear,1,1,0.117174125489,0.00247536722318,0.880350507288
cheerless,-1,-1,0.98264266573,0.00499642568837,0.0123609085814
dreadful,-1,-1,0.989244931802,0.00111509079296,0.00963997740526
accomodating,1,1,0.0469173607351,0.0600976139564,0.892985025309
healthy,1,1,0.00302997121084,0.0640344239688,0.93293560482
feebleminded,-1,-1,0.986268634984,0.00918991393016,0.00454145108617
elegant,1,1,0.000112490341987,0.0146595687042,0.985227940954
presumptuously,-1,-1,0.801465212415,0.0244854080154,0.17404937957
slanderously,-1,-1,0.88739081141,0.0803013275656,0.0323078610241
granola,0,0,0.000113009625239,0.988706417822,0.011180572553
anchovy,0,0,1.75872713211e-05,0.995808266717,0.00417414601215
true,0,1,0.0582416171566,0.0852395841721,0.856518798671
kohlrabi,0,0,5.09926787469e-05,0.992159058948,0.00778994837374
dolt,-1,-1,0.984331664797,0.00807470613472,0.00759362906809
guiness,0,0,0.0211402173549,0.740535989499,0.238323793146
perverse,-1,-1,0.990201165463,0.0014875414834,0.00831129305363
woeful,-1,-1,0.985437460538,0.00183842857754,0.0127241108844
citronella,0,0,0.00139143157909,0.981680169399,0.016928399022
humourous,1,1,0.0539301931831,0.0234119159731,0.922657890844
kringle,0,0,0.000102040845263,0.988790508155,0.0111074509997
sneakily,-1,-1,0.920399581214,0.0381311169979,0.0414693017879
ineffectively,-1,-1,0.996229651853,0.00175714246949,0.00201320567735
scrumptious,1,0,0.000300938675831,0.465309468507,0.534389592817
idiot,-1,-1,0.978268517984,0.0134899454355,0.00824153658018
stylish,1,1,6.90275241855e-05,0.0104070572265,0.989523915249
ominously,-1,-1,0.977407690228,0.00532023036425,0.0172720794081
patty,0,0,3.80606590353e-06,0.997962254019,0.00203393991483
kingfish,0,0,3.1668060128e-05,0.994149330289,0.00581900165096
irreproachable,1,1,0.000682659668831,0.00142272369702,0.997894616634
greatness,1,1,0.000197021107955,0.00267708703608,0.997125891856
nightmarish,-1,-1,0.980128422767,0.00353990477616,0.0163316724573
vulgar,-1,-1,0.991695503104,0.00228493182928,0.00601956506678
fish,0,0,4.95606213495e-05,0.993286161221,0.0066642781575
chutney,0,0,2.02096162995e-05,0.99502976213,0.0049500282532
negligent,-1,-1,0.97969599259,0.00527246545563,0.0150315419541
selection,0,0,0.0114573550466,0.476484126113,0.512058518841
artwork,0,0,0.00424718787978,0.798599715938,0.197153096183
menu,0,0,0.000166350207123,0.985464491488,0.0143691583053
plague,-1,-1,0.980885920285,0.0132089544998,0.00590512521572
listlessness,-1,-1,0.97621940419,0.0150782066427,0.00870238916774
judicious,1,1,0.00717299218294,0.0274767770032,0.965350230814
hostess,0,0,0.00670324222657,0.766873821469,0.226422936305
guiltily,-1,-1,0.857148607211,0.0810568749834,0.0617945178056
hash,0,0,0.025767632781,0.943618212731,0.0306141544877
friend,0,0,0.0553061581973,0.666096072662,0.278597769141
credulous,-1,-1,0.985944265348,0.00206658859505,0.0119891460574
overlook,-1,0,0.392639266302,0.131361328349,0.475999405349
hideously,-1,-1,0.992386492732,0.00500951258361,0.0026039946843
unforgetable,1,1,0.00708776843906,0.0564483904716,0.936463841089
excellant,1,1,0.0158969808936,0.120763709255,0.863339309851
strange,-1,-1,0.835789488021,0.0195704591807,0.144640052798
sickeningly,-1,-1,0.925573795291,0.0101861364992,0.0642400682098
place,0,0,0.0251003927454,0.775407747394,0.199491859861
mincemeat,0,0,0.231405927399,0.368298870336,0.400295202265
straw,0,0,0.251937430021,0.726786898705,0.0212756712737
improvement,1,1,0.0487554613529,0.23456316955,0.716681369097
deceive,-1,-1,0.981098690996,0.00456342555495,0.0143378834491
appal,-1,-1,0.883421521187,0.010567366134,0.106011112679
dastardly,-1,-1,0.958437700395,0.00484633690937,0.0367159626958
devour,1,1,0.261820588711,0.251903856539,0.48627555475
"ill-fated",-1,0,0.149932781443,0.548983123174,0.301084095383
nastily,-1,-1,0.988345248465,0.00886088324612,0.00279386828856
acerbically,-1,-1,0.893018190245,0.0152218131216,0.0917599966332
martini,0,0,2.67092393693e-05,0.994305377479,0.00566791328167
malicious,-1,-1,0.983495841974,0.00650418238082,0.00999997564528
flavor,0,0,0.000126049629639,0.964075723563,0.0357982268072
granite,0,0,0.000894291775263,0.965236982676,0.0338687255489
friendly,1,1,0.00917659348151,0.0440973762007,0.946726030318
morel,0,0,4.11168001763e-05,0.993009254294,0.00694962890536
fearful,-1,-1,0.993434778026,0.00434712602871,0.00221809594543
admirably,1,1,3.26174388993e-06,1.75250133938e-06,0.999994985755
infamously,-1,-1,0.983692768462,0.0120841765368,0.00422305500161
delight,1,1,0.000501326888291,0.00756990145354,0.991928771658
cocoa,0,0,6.21574184027e-05,0.992013437013,0.0079244055681
aesthetics,0,1,0.0176835569833,0.28925126247,0.693065180547
humorless,-1,-1,0.998902234304,0.000306110854143,0.000791654842137
classy,1,1,5.5779125518e-05,0.00469490156631,0.995249319308
sommelier,0,0,0.000346224065184,0.894178802914,0.105474973021
counter,0,0,0.19138188901,0.672639949139,0.135978161852
showeroom,0,0,0.149932781443,0.548983123174,0.301084095383
sinister,-1,-1,0.991746018411,0.00264600836823,0.00560797322095
joyously,1,1,0.00196694753328,0.00646978645784,0.991563266009
excel,1,1,0.00253348531499,0.015244888866,0.982221625819
pea,0,0,0.00318275599054,0.988925591499,0.00789165251073
badly,-1,-1,0.949963415987,0.0260484954418,0.0239880885708
stupendously,1,1,0.171729833994,0.0155193225272,0.812750843479
dollar,0,0,0.0523053386984,0.776508978688,0.171185682613
stylishly,1,1,0.00225177368614,0.0134391114234,0.98430911489
obscenely,-1,-1,0.964155657484,0.00738529880479,0.0284590437108
irk,-1,-1,0.993030257302,0.000694360282949,0.0062753824154
sumptuous,1,1,0.00103721660902,0.0491718866368,0.949790896754
inability,-1,-1,0.969987952453,0.0208618576715,0.00915018987585
roofdeck,0,0,0.013255293195,0.818148303223,0.168596403582
bulky,-1,-1,0.747396359131,0.10598341157,0.1466202293
raging,-1,-1,0.714963952349,0.18268072708,0.102355320571
misbegotten,-1,-1,0.992594545517,0.00414725963562,0.00325819484784
transcend,1,1,0.00329387189011,0.00455285525553,0.992153272854
luminary,1,1,0.0165586037371,0.166463823885,0.816977572378
junk,-1,-1,0.632007179736,0.34730549639,0.0206873238735
"so-so",-1,0,0.149932781443,0.548983123174,0.301084095383
surround,0,1,0.064051769164,0.284409871399,0.651538359437
deliver,0,1,0.0175347784702,0.106686765065,0.875778456465
unwatchable,-1,-1,0.99260082818,0.0010855158711,0.00631365594865
loveable,1,1,0.00549640304299,0.00833657805938,0.986167018898
soda,0,0,0.00264831138612,0.995158629836,0.00219305877834
successfully,1,1,0.0184281175733,0.0788319743285,0.902739908098
enchant,1,1,1.48856526171e-05,0.00208984001262,0.997895274335
bungle,-1,-1,0.98049181189,0.0173705117404,0.00213767636928
unpalatable,-1,-1,0.977635304339,0.0116955282679,0.0106691673936
indifferent,-1,-1,0.994615563488,0.000574366948966,0.00481006956319
yellowtail,0,0,8.61452926135e-05,0.989771165265,0.0101426894425
resort,0,0,0.0707366200943,0.789641836202,0.139621543704
nefariously,-1,-1,0.983710690042,0.0100769705742,0.00621233938361
patio,0,0,0.000203785034649,0.983904011278,0.0158922036872
adroit,1,1,0.00126970231789,0.00101467688268,0.997715620799
dependable,1,1,4.77747158963e-05,0.0054404551533,0.994511770131
spice,0,0,0.00203407200111,0.942841101028,0.0551248269707
despondently,-1,-1,0.853127240035,0.0751559950181,0.0717167649466
bluefish,0,0,3.78949751128e-05,0.994407733539,0.00555437148608
nuisance,-1,-1,0.970239825327,0.0238263953843,0.00593377928833
cappuccino,0,0,6.34871471369e-05,0.991506976525,0.0084295363274
own,0,1,0.188647639184,0.215320033612,0.596032327204
honesty,1,1,0.0288155185451,0.0426429642064,0.928541517248
quality,0,1,0.0135223533648,0.217224753468,0.769252893167
blissfully,1,1,0.0704706915138,0.0116998844071,0.917829424079
staunch,1,1,0.0992367549911,0.0397721472945,0.860991097714
sangria,0,0,7.15633528785e-06,0.997055649106,0.00293719455911
okra,0,0,3.60421598543e-05,0.993835163549,0.0061287942914
cocktail,0,0,0.00121977009483,0.983838219006,0.0149420108996
maladjusted,-1,-1,0.997167695835,0.000735756646456,0.00209654751894
wayward,-1,-1,0.950611370011,0.00762719056019,0.041761439429
prosperous,1,1,0.00289315342538,0.033533327002,0.963573519573
zwieback,0,0,0.149932781443,0.548983123174,0.301084095383
cruelly,-1,-1,0.975270957545,0.00189795075957,0.0228310916957
trustworthy,1,1,0.00162100331949,0.00770782008689,0.990671176594
decent,0,1,0.0130396094056,0.0154619124777,0.971498478117
disappointingly,-1,-1,0.815757050472,0.012451093847,0.171791855681
pics,0,0,0.112420032789,0.55980137359,0.327778593621
breathtaking,1,1,0.000126744388755,0.00230345382618,0.997569801785
despairing,-1,-1,0.958063270985,0.0029556339601,0.0389810950548
mango,0,0,1.53109083262e-05,0.995688789566,0.0042958995255
adoringly,1,1,0.0296503214943,0.0236728186383,0.946676859867
tortilla,0,0,1.79532444925e-06,0.999026421429,0.000971783247032
asinine,-1,-1,0.996341226925,0.0015822255598,0.00207654751554
irresponsible,-1,-1,0.998981235343,0.000518607398852,0.000500157257847
detrimental,-1,-1,0.985699149363,0.00463120337309,0.00966964726395
candle,0,0,0.000384252834739,0.978003268421,0.0216124787442
enthrall,1,1,3.8469980274e-05,0.00158461437759,0.998376915642
spumoni,0,0,0.000501982210848,0.951199147501,0.0482988702877
abalone,0,0,1.54609406808e-06,0.998740113407,0.00125834049921
angelic,1,1,0.00290003465835,0.005389880897,0.991710084445
fresh,0,0,0.00520554163525,0.632743295524,0.362051162841
fondue,0,0,6.78780370256e-06,0.997133343415,0.00285986878083
just,0,0,0.228012622072,0.477460501416,0.294526876512
coke,0,0,0.0196213099235,0.975655056475,0.00472363360145
inequitably,-1,-1,0.973515081982,0.0173583691878,0.00912654883023
brownie,0,0,0.0113903902065,0.959770730802,0.0288388789914
avariciously,-1,0,0.21202224822,0.369861013383,0.418116738396
reliable,1,1,0.00387799734283,0.0201588513578,0.975963151299
hostile,-1,-1,0.993640537841,0.00172389502311,0.00463556713618
music,0,0,0.00936665739488,0.529625578262,0.461007764343
diverse,0,1,0.00214887690645,0.0324570153452,0.965394107748
turnip,0,0,0.00475579293287,0.991137391617,0.00410681545003
felony,-1,0,0.407035398135,0.431176460961,0.161788140904
trendi,1,0,0.149932781443,0.548983123174,0.301084095383
trout,0,0,8.46482566934e-05,0.989942617747,0.00997273399625
cataclysmically,-1,-1,0.922127194123,0.0361919984335,0.0416808074436
insufferably,-1,-1,0.987016356065,0.00139210562078,0.0115915383141
fillet,0,0,1.56950628639e-05,0.995680440501,0.00430386443659
meaningless,-1,-1,0.992419853785,0.0027740824035,0.00480606381129
fudge,0,0,0.00926809123392,0.982611009072,0.00812089969454
return,0,1,0.0678949186771,0.321877758183,0.61022732314
jealous,-1,-1,0.96993622986,0.00832167764242,0.0217420924974
repugnant,-1,-1,0.995714044016,0.000965490621328,0.003320465363
decoration,0,0,0.00172990331083,0.932053712366,0.0662163843233
bouillabaisse,0,0,0.000107538597685,0.988723069539,0.0111693918635
"ill-tempered",-1,0,0.149932781443,0.548983123174,0.301084095383
ecstatically,1,1,0.0016673145416,0.00411882227176,0.994213863187
careless,-1,-1,0.997561311215,0.00151578205252,0.000922906732012
various,0,1,0.0865851067913,0.402238237997,0.511176655211
kitchen,0,0,0.000145062707403,0.98659485617,0.0132600811227
unsupportive,-1,-1,0.998795212946,0.000600571524794,0.000604215529382
valuable,1,1,0.00563591479503,0.0227994515927,0.971564633612
inexpert,-1,-1,0.970022437762,0.0124008190271,0.0175767432108
venomous,-1,-1,0.941236973695,0.00279780962265,0.0559652166826
beneficent,1,1,0.00270751409237,0.00268016498239,0.994612320925
villainously,-1,-1,0.802248518439,0.0588142691569,0.138937212404
wary,-1,-1,0.919335325995,0.0219958377523,0.0586688362526
amiss,-1,-1,0.88503411448,0.0304801504214,0.0844857350981
jelly,0,0,0.00291629556048,0.984772723864,0.0123109805756
appall,-1,-1,0.984488028294,0.00344675808874,0.012065213617
advocate,1,1,0.0697608677,0.323474429055,0.606764703245
main,0,0,0.0798630756319,0.66349431221,0.256642612158
popular,1,1,0.0165942959812,0.100296643449,0.88310906057
appreciative,1,1,9.26759720997e-06,0.0015050019119,0.998485730491
conch,0,0,9.33393695206e-05,0.98935987136,0.010546789271
mercifully,1,-1,0.690737908408,0.028364945477,0.280897146115
capable,1,1,0.00111477700359,0.0070309918965,0.9918542311
pasta,0,0,4.34115500201e-06,0.9977244597,0.0022711991454
amicably,1,1,0.0240070574452,0.0797531055919,0.896239836963
mayo,0,0,0.00118971446065,0.992475653603,0.00633463193652
bustle,1,1,0.0043952059705,0.173424903519,0.822179890511
comfy,1,1,0.011908059647,0.100854687354,0.887237252999
sardonic,-1,-1,0.583571567868,0.00766642637791,0.408762005754
horseradish,0,0,3.46227677861e-07,0.99937558241,0.000624071362352
peerless,1,1,7.25775953621e-05,0.00113073498359,0.998796687421
boredom,-1,-1,0.89600065209,0.0535830348182,0.0504163130919
unfriendly,-1,-1,0.998160022181,0.000373467810294,0.00146651000913
favourite,1,0,0.149932781443,0.548983123174,0.301084095383
modern,1,1,0.0160060787798,0.0574320114334,0.926561909787
dauntless,1,1,0.00263873071256,0.00171643528152,0.995644834006
fucker,-1,-1,0.744873595365,0.244682673327,0.0104437313083
sturgeon,0,0,7.92283309877e-05,0.990189289023,0.00973148264573
charm,1,1,0.00520315613938,0.0339399898707,0.96085685399
forgettable,-1,0,0.538888768621,0.00524526308996,0.455865968289
fabulously,1,1,0.00613698966134,0.0226574174542,0.971205592884
impecable,1,1,0.0313903658508,0.0928469655427,0.875762668607
catcher,1,0,0.0332721732108,0.779554634605,0.187173192184
unimaginative,-1,-1,0.996343309165,0.00128162541347,0.00237506542198
trick,-1,0,0.222921157776,0.37483404186,0.402244800364
unprofessional,-1,-1,0.999736620821,0.00010202744481,0.000161351733947
satisfied,1,1,0.0112898628413,0.016120203152,0.972589934007
ingredient,0,0,0.000294393408259,0.980634172398,0.0190714341941
like,0,1,0.207413541006,0.160581648746,0.632004810247
gaudy,-1,1,0.327786038501,0.036927346742,0.635286614757
nifty,1,1,0.00852395759833,0.0524118581746,0.939064184227
apathy,-1,-1,0.995587177825,0.00342170579265,0.000991116382769
economical,1,1,0.0049445716123,0.063006865969,0.932048562419
aspic,0,0,0.00653095637153,0.854147984721,0.139321058908
harsh,-1,-1,0.988103240303,0.00386365560785,0.00803310408911
scratchy,-1,-1,0.890204665969,0.0421101243974,0.0676852096337
cleverly,1,1,0.0236867266362,0.0219836608845,0.954329612479
sandwich,0,0,5.01369225361e-06,0.998282504136,0.00171248217183
dismal,-1,-1,0.986986301859,0.0017905957043,0.0112231024371
review,0,0,0.125834778761,0.523041068422,0.351124152816
pietra,0,0,0.0915546460804,0.613654804906,0.294790549014
quacamole,0,0,0.149932781443,0.548983123174,0.301084095383
disgust,-1,-1,0.99350509081,0.00485189333929,0.0016430158511
peaceful,1,1,0.00474599751575,0.023371978208,0.971882024276
salmon,0,0,2.9801170292e-05,0.994424867577,0.0055453312529
woe,-1,-1,0.988965660477,0.00435613747282,0.00667820205064
gooseberry,0,0,0.000258955840854,0.981909136993,0.0178319071662
chowder,0,0,6.57082851938e-06,0.997182321884,0.00281110728716
painlessly,1,1,0.0431632714639,0.0188948901334,0.937941838403
ackward,-1,-1,0.571448208459,0.169821596977,0.258730194564
agreeably,1,1,0.0481160616947,0.0300059402767,0.921877998029
ameliorate,1,-1,0.638038157669,0.112630401175,0.249331441156
location,0,0,0.00493590336483,0.923394173199,0.0716699234359
befoul,-1,-1,0.950345209562,0.030600927464,0.0190538629741
bouillon,0,0,1.38668537692e-05,0.995894766513,0.00409136663325
uncomfy,-1,0,0.400908295054,0.276501007835,0.322590697111
bore,-1,-1,0.628996842182,0.284661355555,0.0863418022632
"maitre",0,0,0.149932781443,0.548983123174,0.301084095383
conspiratorial,-1,-1,0.989710131889,0.00375443649527,0.00653543161563
hominy,0,0,8.07992825455e-05,0.990152793868,0.00976640684992
impudent,-1,-1,0.901096816768,0.00451529519254,0.0943878880395
torpor,-1,-1,0.881186538279,0.0305996334062,0.0882138283147
fascinate,1,1,0.00203975865412,0.00170802267643,0.996252218669
ricotta,0,0,6.33275825202e-06,0.997227816429,0.00276585081243
accommodative,1,1,0.0443573964266,0.0176843833394,0.937958220234
asparagus,0,0,8.78848552085e-07,0.998981154083,0.0010179670682
croissant,0,0,1.41025138057e-05,0.996312079523,0.00367381796362
venomously,-1,-1,0.965857709287,0.0162845166748,0.0178577740387
hovel,0,0,0.501736027672,0.43073371133,0.0675302609978
spoil,-1,-1,0.767330692974,0.0588464157972,0.173822891228
insult,-1,-1,0.99776355825,0.00167068259183,0.000565759157916
impair,-1,-1,0.962069509402,0.0131257965925,0.0248046940055
liquor,0,0,0.00690864316458,0.987900262318,0.00519109451762
dismissive,-1,-1,0.989131670786,0.000669323861332,0.0101990053523
coleslaw,0,0,1.36799934687e-06,0.998734453969,0.00126417803124
reject,-1,-1,0.912300000799,0.0612114733403,0.0264885258602
margarine,0,0,1.74314341249e-06,0.999241380117,0.000756876739126
pestilent,-1,-1,0.922137425331,0.0301130835658,0.0477494911028
eclectic,1,1,0.00244817176508,0.0535736112032,0.943978217032
sweet,1,1,0.00525321579952,0.164144257059,0.830602527141
felicitous,1,1,0.00230786794021,0.0102874312701,0.98740470079
deceitfully,-1,-1,0.959779989729,0.0151751876019,0.0250448226695
cloying,-1,-1,0.626491791031,0.0250865231317,0.348421685838
hostel,0,0,0.0830243480631,0.867076796582,0.0498988553551
imposture,-1,-1,0.866719154175,0.0687350703106,0.0645457755143
flawless,1,1,5.82108567445e-05,0.0014741193725,0.998467669771
generously,1,1,0.00444156459621,0.0415128449452,0.954045590459
pleasurably,1,1,0.0286315814931,0.123546562087,0.84782185642
scenery,0,1,0.00394677163653,0.273455984921,0.722597243442
unappreciative,-1,-1,0.988373956372,0.000455739196764,0.011170304431
lolly,0,0,0.010646484112,0.980547548152,0.00880596773568
downside,-1,1,0.302887852569,0.286444684227,0.410667463204
felicitate,1,1,0.00369069918228,0.0369220713896,0.959387229428
candy,0,0,0.00345744997153,0.972352277174,0.0241902728545
avocado,0,0,2.13467530816e-05,0.994995269409,0.00498338383801
beneficially,1,1,0.0258661941383,0.0364688750465,0.937664930815
coffee,0,0,2.6228757331e-05,0.994590765887,0.00538300535521
overcompensate,1,-1,0.986630162073,0.00763396916046,0.0057358687667
rabid,-1,-1,0.904004039677,0.00731414715801,0.0886818131655
tire,-1,0,0.107039685369,0.877701184812,0.015259129819
helpful,1,1,0.017716249674,0.058477146156,0.92380660417
unimportant,-1,-1,0.989968241425,0.00349514948109,0.0065366090935
profitable,1,1,0.0140374998117,0.0662465231078,0.91971597708
gross,-1,-1,0.819168527076,0.117641844951,0.0631896279727
strudel,0,0,0.000129441672048,0.987328126975,0.0125424313531
deficiency,-1,-1,0.880855901375,0.0682193733873,0.0509247252381
unaccommodating,-1,-1,0.992957937895,0.00271186138484,0.00433020072034
awe,1,1,0.000845863398011,0.00572346785255,0.993430668749
cravenly,-1,-1,0.987994109517,0.00610434446747,0.00590154601504
moron,-1,-1,0.988410296807,0.00853976835352,0.00304993483962
inappropriate,-1,-1,0.988996608474,0.00259096967839,0.00841242184801
dessserts,0,0,0.149932781443,0.548983123174,0.301084095383
tamale,0,0,1.58492295793e-05,0.99561755848,0.00436659229014
"ill-used",-1,0,0.149932781443,0.548983123174,0.301084095383
importunate,-1,-1,0.627956085522,0.0165449568652,0.355498957612
tasty,1,0,0.000453138673788,0.54703878112,0.452508080206
disgustful,-1,0,0.149932781443,0.548983123174,0.301084095383
milkshake,0,0,2.929738305e-05,0.994905038259,0.00506566435759
thin,0,0,0.427282360946,0.220121717779,0.352595921275
rude,-1,-1,0.996327100078,0.0010262643968,0.00264663552535
dismay,-1,-1,0.977776883952,0.00854837003621,0.0136747460115
happy,1,1,0.00445682400134,0.0170603703403,0.978482805658
satisfied,1,1,0.0112898628413,0.016120203152,0.972589934007
good,1,1,0.0137276014677,0.0412539865707,0.945018411962
positive,1,1,0.0143863324016,0.0262974610763,0.959316206522
excellent,1,1,5.33621195107e-05,0.00675207386241,0.993194564018
flawless,1,1,5.82108567445e-05,0.0014741193725,0.998467669771
unimpaired,1,1,0.0387824116656,0.0106184810873,0.950599107247
unhappy,-1,-1,0.985858368213,0.00412113112777,0.0100205006587
unsatisfied,-1,-1,0.853395250032,0.0236498926831,0.122954857285
