word,Actual_Polarity,Calc_Polarity,NegativeSimilarity,NeutralSimilarity,PositiveSimilarity
outstand,1,1,0.0956531982773,0.248241173379,0.656105628344
disgust,-1,-1,0.992878902967,0.00523445607754,0.00188664095575
lighting,0,0,0.000114721394684,0.98854005513,0.0113452234751
substandard,-1,-1,0.979441276758,0.00878448635334,0.0117742368891
worthlessly,-1,0,0.231279463733,0.465045313056,0.303675223211
calumniously,-1,0,0.231279463733,0.465045313056,0.303675223211
devious,-1,-1,0.935508199346,0.00380910264694,0.0606826980066
meatloaf,0,0,6.40078528302e-06,0.997459769789,0.00253382942601
hazelnut,0,0,0.000694790784355,0.969774008322,0.0295312008934
horrendously,-1,-1,0.990239598089,0.000465057160893,0.00929534474962
light,0,0,0.00351164126089,0.642067453756,0.354420904983
bother,-1,-1,0.865610563114,0.00793532647835,0.126454110408
belligerently,-1,-1,0.989278168087,0.00109604613601,0.00962578577747
marzipan,0,0,0.000431114082414,0.976669293374,0.0228995925438
practical,1,0,0.0102787870083,0.585754372551,0.40396684044
winningest,1,1,0.0167850418587,0.155657716484,0.827557241658
extensive,1,1,0.00341746433899,0.152723288116,0.843859247545
wheat,0,0,0.00107976830263,0.96269969083,0.0362205408674
cobweb,0,0,0.181100427873,0.736245888751,0.082653683376
basil,0,0,2.86516319838e-05,0.994063943203,0.00590740516517
squab,0,0,0.00064158537814,0.970845559308,0.0285128553136
altruistic,1,1,0.0600262698757,0.0128587025647,0.92711502756
smutty,-1,-1,0.966444549947,0.00904732665483,0.0245081233982
ribbon,0,0,0.0313805770065,0.777115274837,0.191504148157
grubby,-1,-1,0.978080440777,0.00986791747215,0.0120516417505
teapot,0,0,0.00510705088346,0.962915581471,0.0319773676456
train,1,0,0.020403728762,0.399901497087,0.57969477415
insupportably,-1,0,0.231279463733,0.465045313056,0.303675223211
celery,0,0,0.00235857171208,0.991351950476,0.00628947781241
monstrously,-1,-1,0.904079273848,0.0190343458665,0.0768863802854
aggressive,-1,1,0.10122378411,0.0391186001875,0.859657615703
entertain,1,1,0.0273363364713,0.089015651277,0.883648012252
disgust,-1,-1,0.992878902967,0.00523445607754,0.00188664095575
price,0,0,0.00432888044981,0.962809357902,0.0328617616482
kickass,-1,1,0.0214647065975,0.0605727736781,0.917962519724
pan,0,0,0.0463581021873,0.468243077805,0.485398820008
revere,1,1,0.0053227943022,0.00880495254443,0.985872253153
indecently,-1,0,0.367372818393,0.0335724000642,0.599054781543
accomodative,1,1,0.19665692667,0.140773466818,0.662569606511
repressive,-1,-1,0.969818804141,0.00489972447868,0.0252814713803
illogic,-1,-1,0.984667884598,0.00395326128847,0.0113788541138
torpidity,-1,-1,0.681953515493,0.109313240062,0.208733244445
ridiculous,-1,-1,0.830426126434,0.00570886859371,0.163865004973
sicken,-1,-1,0.975614440332,0.0119451130085,0.0124404466593
transcendent,1,1,0.000340602648332,0.00372396032834,0.995935437023
acrid,-1,-1,0.957877326337,0.0124605530626,0.0296621206006
grumpily,-1,-1,0.986697240041,0.00694232664254,0.00636043331646
enchant,1,1,9.04883264792e-05,0.00620998079107,0.993699530882
enchantingly,1,1,0.0118139410514,0.0823704179554,0.905815640993
saute,0,0,4.80141309252e-05,0.992304956374,0.00764702949531
cognac,0,0,0.000216367953074,0.983696113023,0.0160875190241
appalling,-1,-1,0.994103868335,0.000478838882497,0.00541729278234
insult,-1,-1,0.9955633457,0.000233163345898,0.00420349095436
appropriate,1,1,0.00389175428628,0.0194575434731,0.976650702241
walnut,0,0,1.18032279021e-05,0.996231705175,0.00375649159732
apprehensively,-1,0,0.393156277803,0.131144359854,0.475699362342
handsomely,1,1,0.00444422168466,0.0181098519788,0.977445926337
peppy,1,1,0.00534049109222,0.0208904173892,0.973769091519
derogatory,-1,-1,0.993150421087,0.00512988310626,0.00171969580683
kiwi,0,0,0.00130281079808,0.987165175074,0.0115320141282
scornfully,-1,-1,0.994841156071,0.000823831732652,0.00433501219603
gelatin,0,0,7.57893816779e-05,0.990603862288,0.00932034833059
rotten,-1,-1,0.918931932345,0.0721903129341,0.0088777547212
harshly,-1,-1,0.94503301753,0.0465331836566,0.0084337988137
roll,0,0,0.0031071691934,0.984752891341,0.012139939466
abrupt,-1,-1,0.933716347534,0.014366786117,0.051916866349
talented,1,1,0.00719361133816,0.0379030218797,0.954903366782
huge,0,1,0.0200057412758,0.183692282268,0.796301976456
heavenly,1,1,0.00272239126475,0.0279232932555,0.96935431548
rapture,1,1,0.0752842716589,0.040555702407,0.884160025934
regrettable,-1,-1,0.92371304398,0.00565823626287,0.0706287197568
meal,0,0,0.00103202807962,0.963276125356,0.0356918465641
mess,-1,-1,0.676921703994,0.197490432309,0.125587863697
clam,0,0,0.0141344591483,0.929249331596,0.0566162092558
slowwww,-1,0,0.231279463733,0.465045313056,0.303675223211
request,0,0,0.047807977466,0.89921979973,0.0529722228044
thankful,1,1,0.00730163821927,0.0244479028169,0.968250458964
delectation,1,1,0.0815859483936,0.218114054646,0.70029999696
awesomely,1,1,0.0319524422798,0.05456597241,0.91348158531
beauty,1,1,0.0136559606842,0.0648394182782,0.921504621038
majestic,1,1,0.00254330403613,0.0132054579772,0.984251237987
exquisite,1,1,7.22495000804e-06,0.00129481027666,0.998697964773
entire,0,1,0.130488176795,0.208586790171,0.660925033034
hartshorn,0,0,0.231279463733,0.465045313056,0.303675223211
valiant,1,1,0.0351829753766,0.0100583603367,0.954758664287
magnificent,1,1,0.00200149451721,0.011107587519,0.986890917964
ration,0,0,0.164187641743,0.814722784765,0.0210895734926
seedy,-1,-1,0.936468666631,0.0163108955838,0.0472204377855
guava,0,0,1.1184783028e-05,0.996465242846,0.00352357237118
joyfully,1,1,0.00703856231294,0.0184434070169,0.97451803067
marinara,0,0,5.35696420537e-07,0.999292298834,0.000707165469805
disastrously,-1,-1,0.991622824751,0.00256594309131,0.00581123215729
overcharge,-1,-1,0.92790057069,0.0594539423064,0.0126454870038
disgraceful,-1,-1,0.998406051374,0.000204049816892,0.00138989880942
atrocious,-1,-1,0.996695343021,0.000171403514996,0.0031332534642
maliciously,-1,-1,0.992667037484,0.00365756358241,0.00367539893312
sloooow,-1,-1,0.530363630634,0.214425336416,0.25521103295
uncivil,-1,-1,0.997895885097,0.000289166013878,0.00181494888908
burger,0,0,3.57089412247e-06,0.999008205397,0.000988223708976
spirited,1,1,0.00302555463563,0.00969148298983,0.987282962375
tremendous,1,1,0.00449645577153,0.0623518571674,0.933151687061
nauseate,-1,-1,0.945397482651,0.0163349338686,0.0382675834809
trashy,-1,-1,0.966809589455,0.0147361034067,0.018454307138
spurious,-1,-1,0.977808666805,0.015851606021,0.00633972717369
servant,0,1,0.159863273237,0.291201404314,0.548935322449
compliment,1,1,0.0285820013666,0.0982995089645,0.873118489669
malevolently,-1,-1,0.959105278144,0.0172973338068,0.0235973880497
regrettably,-1,-1,0.793308928562,0.123336755287,0.0833543161509
"high_quality",1,0,0.231279463733,0.465045313056,0.303675223211
macaroon,0,0,0.0117561940779,0.974610657952,0.0136331479698
bitch,-1,-1,0.702473751566,0.284483064263,0.0130431841704
blissful,1,1,0.00051165312821,0.00149904872665,0.997989298145
unusable,-1,-1,0.972859896178,0.0199461247227,0.00719397909927
abundant,1,1,0.00351015164577,0.0160917616422,0.980398086712
wholesome,1,1,0.0115697816741,0.0135338679214,0.974896350404
hall,0,0,0.0296785638751,0.894467213388,0.0758542227369
complacent,-1,-1,0.978561895375,0.00437871524796,0.0170593893767
delivery,0,0,0.0514891620275,0.837760571683,0.11075026629
passivity,-1,-1,0.987283346273,0.00319592344145,0.00952073028568
harmful,-1,-1,0.978576448358,0.00875640205533,0.0126671495869
delectable,1,1,0.000541067511314,0.0338037794374,0.965655153051
valiantly,1,1,0.0705014023698,0.0210080623345,0.908490535296
section,0,0,0.133325392661,0.812989293272,0.053685314067
confusing,-1,-1,0.986909337934,0.00957141678173,0.00351924528426
talent,1,1,0.00739170735899,0.0305410895477,0.962067203093
enthusiastically,1,1,0.00322402508802,0.0143330435981,0.982442931314
smugly,-1,-1,0.87751915321,0.0109388830876,0.111541963702
glad,1,1,0.00409126522641,0.0028449333023,0.993063801471
pickle,0,0,0.00490277199065,0.961929569147,0.0331676588622
ladyfinger,0,0,0.00179095773989,0.984804398498,0.0134046437622
grandioso,1,0,0.231279463733,0.465045313056,0.303675223211
pomegranate,0,0,0.000545775080342,0.951591521501,0.0478627034182
corner,0,0,0.0256764845877,0.878308317444,0.0960151979687
merit,1,0,0.347123004446,0.498702077459,0.154174918095
stupidly,-1,-1,0.952458530644,0.0065273011436,0.0410141682121
basic,0,0,0.0273877538601,0.598602705772,0.374009540368
disrespectfully,-1,-1,0.995743874549,0.00287613076729,0.00137999468383
caviar,0,0,0.000445552048831,0.976653247608,0.0229012003432
poor,-1,-1,0.892192705813,0.00214509610888,0.105662198078
lemon,0,0,2.79708378755e-06,0.998978333329,0.001018869587
"ill-favored",-1,0,0.231279463733,0.465045313056,0.303675223211
option,0,0,0.0122473237654,0.83465846635,0.153094209885
cabernet,0,0,7.5963378184e-05,0.990384540695,0.00953949592656
legume,0,0,0.00144714783554,0.987367078703,0.0111857734612
acceptable,1,1,0.255516415654,0.0340520436055,0.71043154074
virtuously,1,1,0.0958726608245,0.0929372303362,0.811190108839
curry,0,0,4.06124184861e-06,0.998088821665,0.00190711709309
trust,1,-1,0.844177551916,0.00751434821891,0.148308099865
snob,0,0,0.135335611548,0.403371367174,0.461293021277
caper,0,0,0.172469855129,0.655551786704,0.171978358167
hoodwink,-1,-1,0.98466771195,0.00393207818405,0.0114002098659
grit,0,0,0.0317031220148,0.592653114795,0.37564376319
subpar,-1,-1,0.994583269798,0.000233592500333,0.00518313770126
damn,-1,-1,0.725875133696,0.0479618934047,0.2261629729
rile,-1,-1,0.983842471192,0.00371702206867,0.012440506739
wrap,0,0,0.00298481401105,0.97178589934,0.0252292866492
caraway,0,0,0.000296749339458,0.9805198168,0.0191834338602
order,0,0,0.0291856689039,0.920268368287,0.050545962809
frustrate,-1,-1,0.97219807993,0.00215806873096,0.0256438513386
imaginative,1,1,0.00282416191587,0.0122109620088,0.984964876075
ineloquently,-1,0,0.231279463733,0.465045313056,0.303675223211
fuss,-1,-1,0.615994330084,0.325276389208,0.0587292807083
stupidity,-1,-1,0.996549454729,0.00154074579575,0.00190979947561
pastry,0,0,3.86186980717e-05,0.993915162508,0.00604621879406
overpay,0,-1,0.668748557519,0.15524590845,0.176005534031
wedding,0,0,0.000106655243129,0.988758435686,0.0111349090713
festive,1,1,0.0178274779211,0.116878790968,0.865293731111
terrace,0,0,0.000822093684082,0.941337329108,0.0578405772079
agave,0,0,0.000148765792233,0.986293381541,0.0135578526664
riveting,1,1,0.00744412189794,0.00519764204953,0.987358236053
alarm,-1,0,0.348024795902,0.598250067388,0.0537251367107
scene,0,0,0.0255309615497,0.909937994972,0.0645310434784
inhospitable,-1,-1,0.74362991052,0.0122526737459,0.244117415734
unhappiness,-1,-1,0.983395372184,0.00528307291966,0.0113215548965
flower,0,0,0.000123441170408,0.987741801662,0.0121347571678
nark,1,-1,0.870175212731,0.109724903711,0.0200998835577
enjoyable,1,1,4.80245484235e-05,0.00413544568314,0.995816529768
toffee,0,0,0.000108091474793,0.988498423817,0.0113934847086
skewer,0,1,0.0433604538196,0.311980271085,0.644659275096
wondrous,1,1,0.000350267652919,0.00614425326329,0.993505479084
gourmet,1,0,0.0030428788498,0.707591739745,0.289365381405
worry,-1,-1,0.814354574505,0.00662231981516,0.17902310568
haddock,0,0,7.20565076997e-06,0.998453726231,0.00153906811855
bemuse,-1,0,0.403341573692,0.0184638481861,0.578194578122
"ill-natured",-1,0,0.231279463733,0.465045313056,0.303675223211
caffe,0,0,0.00553921255266,0.870875313925,0.123585473523
inedible,-1,-1,0.690846353683,0.0755178016977,0.233635844619
fry,0,0,0.011642011813,0.982567630944,0.00579035724299
adverse,-1,-1,0.972605973389,0.00133291721032,0.0260611094008
appetizer,0,0,1.0514287086e-05,0.996472801161,0.00351668455238
tender,1,1,0.0331899055708,0.240791100953,0.726018993477
sickly,-1,-1,0.952889610556,0.0191886752747,0.0279217141695
pear,0,0,5.75718033254e-06,0.997367971496,0.0026262713233
betray,-1,-1,0.969110789102,0.00524221664901,0.0256469942494
atmoshere,0,0,0.231279463733,0.465045313056,0.303675223211
affectionate,1,1,0.00208238288739,0.00671033072901,0.991207286384
annoy,-1,-1,0.964586188042,0.00289153214046,0.0325222798176
succotash,0,0,0.000980534890654,0.96362955777,0.0353899073393
tinny,-1,-1,0.811460773721,0.133061696454,0.0554775298256
deplore,-1,-1,0.989468308077,0.00216277555875,0.00836891636447
cantaloupe,0,0,0.00508668156344,0.989209483612,0.0057038348247
kabob,0,0,7.52403035557e-06,0.99701090828,0.00298156768932
boring,-1,-1,0.735129427558,0.0241743666726,0.240696205769
feeble,-1,-1,0.992271108085,0.000738348993784,0.00699054292106
crude,-1,0,0.485877187375,0.445864093572,0.0682587190536
lobster,0,0,3.47418070276e-05,0.993979117873,0.0059861403203
wild_rice,0,0,0.231279463733,0.465045313056,0.303675223211
desk,0,0,0.263691948501,0.44470936021,0.291598691289
frontman,0,0,0.429935041834,0.197902840276,0.37216211789
enticing,1,1,0.0102867705412,0.0738747332422,0.915838496217
authentic,1,1,0.000119132971324,0.006200224461,0.993680642568
overrate,-1,-1,0.888826200809,0.00761616903564,0.103557630155
dirty,0,-1,0.895298807163,0.0894442820531,0.0152569107842
cucumber,0,0,7.2626876505e-06,0.997754722255,0.00223801505765
gloriously,1,1,0.025332033474,0.0161488784843,0.958519088042
terrible,-1,-1,0.987618333218,0.000713590239911,0.0116680765424
affordably,1,1,0.00578182172681,0.222138627239,0.772079551034
harassment,-1,-1,0.954042277444,0.0365120242027,0.00944569835323
melt,1,0,0.00172869480011,0.975059930041,0.0232113751589
heartily,1,1,0.00505476935288,0.0117524845423,0.983192746105
overzealous,-1,-1,0.995435303316,0.00275172868598,0.00181296799787
heavy-handed,-1,0,0.231279463733,0.465045313056,0.303675223211
gluten,0,0,0.000127128744779,0.987973718923,0.0118991523325
heartless,-1,-1,0.99700421369,0.000318375485743,0.00267741082474
endear,1,1,0.196082964321,0.00408651464162,0.799830521037
slanderous,-1,-1,0.996069364354,0.00234836129226,0.00158227435422
comfort,0,1,0.04004020883,0.334384412839,0.625575378331
syrah,0,0,0.000209835408881,0.94166072971,0.0581294348807
montparnasse,0,0,0.231279463733,0.465045313056,0.303675223211
gracefully,1,1,0.000795277133203,0.00669445462093,0.992510268246
nasty,-1,-1,0.981975418574,0.00645598357066,0.0115685978549
hysterically,-1,-1,0.9872276969,0.00159050097398,0.0111818021262
pudding,0,0,0.000536062681688,0.97341495639,0.0260489809288
motel,0,0,0.230358218196,0.739579905875,0.0300618759283
veggies,0,0,1.06762423996e-05,0.996438382878,0.0035509408793
antipasto,0,0,3.01737411386e-05,0.993923839237,0.00604598702153
torpiness,-1,0,0.231279463733,0.465045313056,0.303675223211
treacherously,-1,-1,0.864367749947,0.0384215325534,0.0972107175
food,0,0,0.00105949020981,0.987712298461,0.0112282113295
smooth,1,1,0.0026542996003,0.038458147026,0.958887553374
pack,-1,0,0.11509282331,0.691410321574,0.193496855116
torturous,-1,-1,0.894787592844,0.00736023764744,0.0978521695089
blameless,1,-1,0.974797202943,0.00113168334807,0.0240711137094
busboy,0,0,0.0452599394373,0.94277304163,0.0119670189332
fromager,0,0,0.049926088497,0.603755411657,0.346318499846
annihilate,-1,-1,0.814477924123,0.0123991436613,0.173122932216
success,1,1,0.0138754869131,0.270396714858,0.715727798229
balsamic,0,0,5.38970256221e-06,0.9974731588,0.00252145149726
bean,0,0,3.51764446012e-07,0.999369807961,0.000629840274712
doughnut,0,0,0.0455479454461,0.669213913782,0.285238140772
uncompetitive,-1,-1,0.986926361602,0.00600798715713,0.00706565124133
next,0,1,0.0713574919837,0.249062599178,0.679579908838
dark,0,0,0.151663916668,0.373060170697,0.475275912635
awe,1,1,0.00368765071775,0.0112705900814,0.985041759201
piteous,-1,-1,0.97904896327,0.00249798298554,0.0184530537445
hilarious,1,0,0.440011949736,0.00189253025019,0.558095520014
outperformance,1,1,0.0375946847829,0.332634946881,0.629770368336
arrogant,-1,-1,0.973217057274,0.000348702891004,0.026434239835
thai,0,0,0.00110329438823,0.961097465071,0.0377992405405
attractively,1,1,0.000113035110534,0.00367424840518,0.996212716484
"%c%c*bread",0,0,0.231279463733,0.465045313056,0.303675223211
sarcastically,-1,-1,0.954651349813,0.022195015491,0.0231536346963
present,0,0,0.104456289293,0.616574151707,0.278969559
joint,0,0,0.0207374441037,0.886134827573,0.0931277283236
alcohol,0,0,0.00130864520068,0.987557224063,0.0111341307364
discontented,-1,-1,0.962171777122,0.00527343383253,0.0325547890457
sparerib,0,0,0.231279463733,0.465045313056,0.303675223211
appallingly,-1,-1,0.995249742748,0.000714242826674,0.00403601442517
staid,-1,1,0.188704281164,0.0290259170506,0.782269801785
shrimp,0,0,4.91845259137e-06,0.997631835841,0.00236324570592
throw,-1,0,0.549099284355,0.400975172148,0.0499255434969
waitstaffs,0,0,0.102976376865,0.53368570354,0.363337919595
costly,0,-1,0.733734542101,0.0251294842348,0.241135973664
ashamed,-1,-1,0.9929794706,0.0013560748809,0.00566445451867
quarrelsome,-1,-1,0.973339963621,0.00547007669405,0.0211899596849
mussles,0,0,0.00148062381415,0.986199108921,0.012320267265
ingeniously,1,1,0.0220852421677,0.0591311906191,0.918783567213
brutally,-1,-1,0.867221816628,0.0211775494089,0.111600633963
disgust,-1,-1,0.992878902967,0.00523445607754,0.00188664095575
unprofitable,-1,-1,0.819441351939,0.0491679491823,0.131390698879
nectar,0,0,0.00136614407911,0.661474978633,0.337158877288
calumnious,-1,-1,0.980013336874,0.00814801972547,0.0118386434005
simple,0,1,0.0178442511974,0.146358118992,0.83579762981
defamatory,-1,-1,0.983156860774,0.00549846467795,0.011344674548
run-down,-1,0,0.231279463733,0.465045313056,0.303675223211
bounteous,1,1,0.00605828648545,0.0409647067099,0.952977006805
dishonorablely,-1,0,0.231279463733,0.465045313056,0.303675223211
flounder,0,0,0.119703436999,0.803291263684,0.0770052993174
mousse,0,0,7.79194581109e-07,0.999350641723,0.000648579082052
ramshackle,-1,-1,0.693750406879,0.109438206707,0.196811386413
quaint,1,1,0.00804063744758,0.0593183355008,0.932641027052
top_notch,1,0,0.231279463733,0.465045313056,0.303675223211
sweetness,1,0,0.00293658844286,0.720169105698,0.27689430586
crowd,-1,0,0.0809513576624,0.828966493239,0.0900821490986
ignorance,-1,-1,0.992355039733,0.0044921358907,0.00315282437656
ramp,0,0,0.0954906219292,0.613139900249,0.291369477822
overprice,-1,-1,0.95358349451,0.0342304773819,0.0121860281079
tiresome,-1,-1,0.986891530619,0.0013726190618,0.0117358503189
must,1,1,0.0506721892577,0.165053804622,0.784274006121
occasion,0,0,0.0180601088183,0.576518214897,0.405421676284
scant,-1,0,0.496970459296,0.325847483266,0.177182057439
snobish,-1,0,0.231279463733,0.465045313056,0.303675223211
beat,-1,1,0.0475154259644,0.125976020962,0.826508553074
stellar,1,1,0.00042104022472,0.00303498556301,0.996543974212
impressively,1,1,0.00120783008499,0.00285233978841,0.995939830127
disparage,-1,-1,0.970206705264,0.00486258080394,0.0249307139323
heaviness,-1,0,0.411134466802,0.494259329491,0.094606203707
borscht,0,0,0.000115327738671,0.988540118447,0.0113445538148
view,0,0,0.0201958671017,0.786181608782,0.193622524117
dreck,-1,-1,0.97893708985,0.00833401366281,0.0127288964871
admiration,1,1,0.0026822483511,0.0127937505549,0.984524001094
belittle,-1,-1,0.992761495029,0.00192886060258,0.00530964436825
cram,-1,-1,0.681519534906,0.186782490045,0.13169797505
collard,0,0,0.0109368707992,0.753014177637,0.236048951564
pecan,0,0,0.000883456247805,0.965317340042,0.0337992037107
masterful,1,1,0.000193901320313,0.00180276708792,0.998003331592
great,0,1,0.00280177281336,0.0151154857293,0.982082741457
cook,0,0,0.0190469811393,0.940261307186,0.0406917116747
souffle,0,0,8.60946480209e-06,0.996819172417,0.00317221811796
high-spirited,1,0,0.231279463733,0.465045313056,0.303675223211
beautiful,1,1,0.0036295894063,0.0218040452067,0.974566365387
surpass,1,1,0.0107607417593,0.0384411144284,0.950798143812
chick,0,0,0.0588653106047,0.856056720937,0.0850779684584
refresh,1,0,0.0378187670962,0.384399030993,0.577782201911
water,0,0,0.00578566018626,0.98567151701,0.00854282280413
stuffy,-1,-1,0.753477669074,0.0153524349808,0.231169895945
dextrous,1,1,0.00226231264992,0.0101635068836,0.987574180466
uninteresting,-1,-1,0.883173097986,0.0526058549886,0.0642210470253
swordfish,0,0,2.5828346834e-05,0.994642247635,0.0053319240177
endear,1,1,0.196082964321,0.00408651464162,0.799830521037
cheerless,-1,-1,0.93754629455,0.00820775670016,0.0542459487494
dreadful,-1,-1,0.988044424254,0.000724724669574,0.0112308510763
accomodating,1,1,0.0060690624668,0.0307162606402,0.963214676893
healthy,1,1,0.00347655628498,0.120396684413,0.876126759302
feebleminded,-1,-1,0.983944096749,0.00793548074141,0.0081204225099
elegant,1,1,0.000179961854925,0.0177698932294,0.982050144916
presumptuously,-1,-1,0.782515871564,0.0296036050688,0.187880523368
slanderously,-1,-1,0.905213518504,0.0588277212134,0.0359587602823
granola,0,0,2.44462090459e-05,0.995175779756,0.00479977403497
anchovy,0,0,5.83417187684e-05,0.99210087719,0.00784078109102
true,0,1,0.320188969869,0.0435140204218,0.636297009709
kohlrabi,0,0,0.000118938441686,0.987969888446,0.0119111731125
dolt,-1,-1,0.979642817527,0.00848180500148,0.0118753774711
guiness,0,0,0.00933107032545,0.926199081885,0.0644698477899
perverse,-1,-1,0.979599251497,0.00156714309591,0.0188336054073
woeful,-1,-1,0.963524648698,0.0022470771663,0.0342282741358
citronella,0,0,0.003090460898,0.970091891256,0.026817647846
humourous,1,1,0.0766232341562,0.0352275035347,0.888149262309
kringle,0,0,0.000246483210003,0.982470702055,0.0172828147349
sneakily,-1,-1,0.921993572254,0.0319236346058,0.04608279314
ineffectively,-1,-1,0.995584745764,0.00126450083698,0.00315075339919
scrumptious,1,1,0.000867161959293,0.333689861983,0.665442976058
idiot,-1,-1,0.990028552605,0.00529195127898,0.00467949611598
stylish,1,1,0.00213304930854,0.0114049821034,0.986461968588
ominously,-1,-1,0.9515252594,0.00936392680612,0.0391108137935
patty,0,0,1.708947668e-05,0.996719896189,0.00326301433396
kingfish,0,0,0.000113721320692,0.988499901854,0.011386376825
irreproachable,1,1,0.00168079704218,0.00531781317521,0.993001389783
greatness,1,1,0.00193196445426,0.00409191689529,0.99397611865
nightmarish,-1,-1,0.956005006699,0.00372665644703,0.0402683368542
vulgar,-1,-1,0.989028506446,0.00238270815685,0.00858878539673
fish,0,0,6.82251023349e-07,0.999298787626,0.000700530122597
chutney,0,0,4.66166102133e-07,0.999313547165,0.000685986668803
negligent,-1,-1,0.974800535396,0.00649301702711,0.0187064475769
selection,0,0,0.000807550871203,0.931317048317,0.0678754008118
artwork,0,0,0.000690036997254,0.969885128682,0.0294248343206
menu,0,0,0.000283421971016,0.981079550011,0.0186370280183
plague,-1,-1,0.798166877974,0.180591147417,0.0212419746087
listlessness,-1,-1,0.970210307366,0.0165826330109,0.0132070596234
judicious,1,1,0.0111150718195,0.0372549073773,0.951630020803
hostess,0,0,0.0324312717477,0.87829397249,0.0892747557628
guiltily,-1,-1,0.877481500164,0.0688700310626,0.0536484687734
hash,0,0,0.00795669549135,0.984717453634,0.00732585087491
friend,0,0,0.0529721217893,0.857283456954,0.0897444212571
credulous,-1,-1,0.985138486635,0.00171724560499,0.0131442677599
overlook,-1,0,0.420629003119,0.00949618109393,0.569874815787
hideously,-1,-1,0.996081563065,0.000277034298055,0.00364140263723
unforgetable,1,1,0.0138750503661,0.0792550185997,0.906869931034
excellant,1,1,0.0337617578051,0.176567493063,0.789670749132
strange,-1,0,0.564045351759,0.0271618602838,0.408792787957
sickeningly,-1,-1,0.990279906937,0.000626909533189,0.00909318352959
place,0,0,0.00792140920108,0.944631617935,0.0474469728643
mincemeat,0,0,0.287210944337,0.315250332263,0.3975387234
straw,0,0,0.229536250206,0.737411673927,0.0330520758676
improvement,1,0,0.0330739545153,0.727185011767,0.239741033718
deceive,-1,-1,0.981279680568,0.00382579759804,0.0148945218338
appal,-1,-1,0.898057178205,0.00838902173167,0.0935538000629
dastardly,-1,-1,0.940504770922,0.00557496748918,0.0539202615885
devour,1,-1,0.646542233457,0.0456042395298,0.307853527013
"ill-fated",-1,0,0.231279463733,0.465045313056,0.303675223211
nastily,-1,-1,0.985185872913,0.00931472874034,0.00549939834715
acerbically,-1,-1,0.860591561718,0.0170666793139,0.122341758968
martini,0,0,7.79698374815e-06,0.997114137892,0.00287806512467
malicious,-1,-1,0.976320219042,0.00889192605165,0.0147878549064
flavor,0,0,0.00240220023529,0.921137521299,0.0764602784653
granite,0,0,0.00557401706651,0.967171588948,0.0272543939855
friendly,1,1,0.00275827909766,0.0114058391557,0.985835881747
morel,0,0,9.91788023357e-05,0.98909666941,0.0108041517879
fearful,-1,-1,0.992936961409,0.00345847247103,0.00360456612039
admirably,1,1,0.000261520499178,0.00239936056835,0.997339118932
infamously,-1,-1,0.987069633329,0.00717316309106,0.00575720357999
delight,1,1,0.00974126932502,0.18443669561,0.805822035065
cocoa,0,0,0.00401883607705,0.986306575512,0.0096745884105
aesthetics,0,0,0.0463255669581,0.41327676105,0.540397671992
humorless,-1,-1,0.998234391475,0.000198190142696,0.0015674183823
classy,1,1,0.00301380957797,0.0241040841124,0.97288210631
sommelier,0,0,0.000232832130445,0.960888869342,0.038878298528
counter,0,0,0.0569373092655,0.829980576599,0.113082114136
showeroom,0,0,0.231279463733,0.465045313056,0.303675223211
sinister,-1,-1,0.985688544254,0.00300715063893,0.0113043051072
joyously,1,1,0.008259726508,0.019093731888,0.972646541604
excel,1,1,0.00702814460651,0.0423551951076,0.950616660286
pea,0,0,0.000102522708407,0.989033341238,0.0108641360535
badly,-1,-1,0.800089850346,0.0561299038791,0.143780245775
stupendously,1,1,0.20348000451,0.0197587415828,0.776761253907
dollar,0,0,0.0445809772255,0.928681086843,0.026737935932
stylishly,1,1,0.0101317477287,0.140996903281,0.84887134899
obscenely,-1,-1,0.947644361169,0.00806815362318,0.0442874852077
irk,-1,-1,0.98934151472,0.000559205852609,0.0100992794275
sumptuous,1,1,0.00244417495007,0.0406935101162,0.956862314934
inability,-1,-1,0.95429808976,0.0165837202592,0.0291181899803
roofdeck,0,0,0.0199276823999,0.812364127374,0.167708190226
bulky,-1,-1,0.762576848809,0.0783036840425,0.159119467149
raging,-1,-1,0.737978834921,0.135681155417,0.126340009662
misbegotten,-1,-1,0.989925812209,0.00308420087572,0.00698998691513
transcend,1,1,0.00700301708278,0.00712787946102,0.985869103456
luminary,1,1,0.030761857398,0.222217752082,0.74702039052
junk,-1,-1,0.824625340784,0.155390369556,0.0199842896595
"so-so",-1,0,0.231279463733,0.465045313056,0.303675223211
surround,0,1,0.0226582397798,0.104008612966,0.873333147254
deliver,0,0,0.0381421115278,0.568285702914,0.393572185558
unwatchable,-1,-1,0.98515337949,0.00090455054155,0.0139420699687
loveable,1,1,0.00954337859721,0.0139982179862,0.976458403417
soda,0,0,2.48850767838e-06,0.999302511488,0.000695000004722
successfully,1,1,0.0309556130753,0.0224001805483,0.946644206376
enchant,1,1,9.04883264792e-05,0.00620998079107,0.993699530882
bungle,-1,-1,0.981998277338,0.0154193648139,0.00258235784782
unpalatable,-1,-1,0.975840154675,0.0119060688396,0.0122537764853
indifferent,-1,-1,0.988704113467,0.000144258258883,0.0111516282745
yellowtail,0,0,0.000148711135693,0.986561696454,0.0132895924104
resort,0,0,0.0140645526054,0.855557937175,0.13037751022
nefariously,-1,-1,0.986174293179,0.00735689468383,0.00646881213674
patio,0,0,0.000187683004048,0.984570907776,0.0152414092202
adroit,1,1,0.00329385610562,0.00287368366311,0.993832460231
dependable,1,1,1.67539813918e-05,0.00226628797159,0.997716958047
spice,0,0,0.00588907242283,0.924631137618,0.0694797899593
despondently,-1,-1,0.862460370062,0.0636768000855,0.0738628298523
bluefish,0,0,0.00117257747968,0.987654715056,0.0111727074642
nuisance,-1,-1,0.973103779728,0.0200666575906,0.00682956268143
cappuccino,0,0,1.91296056043e-05,0.995194388163,0.00478648223171
own,0,0,0.120497867567,0.565567533413,0.313934599019
honesty,1,-1,0.542387032911,0.199248127813,0.258364839276
quality,0,0,0.0199717917681,0.480649482362,0.49937872587
blissfully,1,1,0.0682514069125,0.0213311840093,0.910417409078
staunch,1,1,0.122917228449,0.0344988496901,0.842583921861
sangria,0,0,8.09817391007e-07,0.999018725211,0.000980464971856
okra,0,0,2.66477063349e-06,0.999063185821,0.000934149408819
cocktail,0,0,0.000462411128126,0.975552076596,0.0239855122755
maladjusted,-1,-1,0.994916245074,0.000828992535243,0.00425476239091
wayward,-1,-1,0.930828461655,0.0089338011955,0.0602377371491
prosperous,1,1,0.00793919926345,0.0784167667048,0.913644034032
zwieback,0,0,0.231279463733,0.465045313056,0.303675223211
cruelly,-1,-1,0.959073204809,0.00233336854458,0.038593426646
trustworthy,1,1,0.00681950350788,0.0202659141114,0.972914582381
decent,0,1,0.0163141169112,0.0329450002244,0.950740882864
disappointingly,-1,-1,0.851538672465,0.084653137651,0.0638081898843
pics,0,0,0.0676247814029,0.844047344535,0.0883278740626
breathtaking,1,1,0.000157994106001,0.00542763536841,0.994414370526
despairing,-1,-1,0.932748581745,0.00309580094901,0.0641556173062
mango,0,0,0.000335448902624,0.979198717482,0.0204658336155
adoringly,1,1,0.0288145730491,0.0305900539064,0.940595373044
tortilla,0,0,1.12473980068e-07,0.999816544411,0.000183343115504
asinine,-1,-1,0.994549329126,0.000984233790768,0.00446643708275
irresponsible,-1,-1,0.998351111455,0.000423580591921,0.001225307953
detrimental,-1,-1,0.976696450679,0.00585967238803,0.0174438769329
candle,0,0,0.00635342392112,0.921456769962,0.0721898061166
enthrall,1,1,0.000129230321983,0.00353964023903,0.996331129439
spumoni,0,0,0.000685256636284,0.936811813373,0.0625029299903
abalone,0,0,1.07759859666e-05,0.996615613765,0.0033736102491
angelic,1,1,0.00596246343305,0.0116304265236,0.982407110043
fresh,0,0,0.00263055104863,0.3888093532,0.608560095752
fondue,0,0,3.11431552424e-05,0.993919017112,0.00604983973257
just,0,0,0.417506820703,0.247511063863,0.334982115435
coke,0,0,6.43649499597e-06,0.998597060126,0.00139650337921
inequitably,-1,-1,0.966486058191,0.0202922802089,0.0132216616001
brownie,0,0,0.00204196547024,0.976315336224,0.0216426983055
avariciously,-1,0,0.266331573603,0.34400454521,0.389663881187
reliable,1,1,0.000178203576308,0.00517980250861,0.994641993915
hostile,-1,-1,0.986236968144,0.00383979896604,0.00992323288991
music,0,0,0.00919686733052,0.933616649918,0.0571864827518
diverse,0,1,0.00361617045664,0.0627787684646,0.933605061079
turnip,0,0,0.00159130438632,0.994075518212,0.00433317740175
felony,-1,0,0.487104783989,0.366212910763,0.146682305248
trendi,1,0,0.231279463733,0.465045313056,0.303675223211
trout,0,0,8.1662697887e-06,0.998258864774,0.00173296895664
cataclysmically,-1,-1,0.92533181446,0.0282423090304,0.0464258765098
insufferably,-1,-1,0.965417745406,0.0018428524394,0.0327394021545
fillet,0,0,3.64442728638e-06,0.998027491663,0.00196886390976
meaningless,-1,-1,0.99173156576,0.0022454822764,0.00602295196324
fudge,0,0,0.00573482489677,0.987023285543,0.00724188956018
return,0,1,0.0348854484308,0.215698663067,0.749415888502
jealous,-1,-1,0.647432421012,0.305881506651,0.0466860723368
repugnant,-1,-1,0.988379260129,0.00091863719805,0.0107021026728
decoration,0,0,0.0047425826032,0.903759293506,0.0914981238907
bouillabaisse,0,0,5.00297204572e-05,0.993197205746,0.00675276453342
"ill-tempered",-1,0,0.231279463733,0.465045313056,0.303675223211
ecstatically,1,1,0.00380193327605,0.0118103582756,0.984387708448
careless,-1,-1,0.992533358056,0.00464466635927,0.00282197558423
various,0,1,0.0325228293686,0.226858303199,0.740618867433
kitchen,0,0,0.0100329235944,0.951247558181,0.0387195182243
unsupportive,-1,-1,0.997307517908,0.000716266361814,0.00197621572991
valuable,1,1,0.019474172816,0.212721867793,0.767803959391
inexpert,-1,-1,0.968677956632,0.0106833754989,0.0206386678689
venomous,-1,-1,0.90604036265,0.00365949734712,0.090300140003
beneficent,1,1,0.00653812750883,0.00714680423229,0.986315068259
villainously,-1,-1,0.827496316498,0.0495118822615,0.122991801241
wary,-1,-1,0.972248431678,0.00379595253493,0.0239556157869
amiss,-1,-1,0.868968480531,0.0361450896448,0.094886429824
jelly,0,0,0.00680664526682,0.970775506023,0.0224178487099
appall,-1,-1,0.974688288162,0.00279354254416,0.0225181692942
advocate,1,0,0.170694426387,0.295413502612,0.533892071
main,0,0,0.0441237424378,0.557574823767,0.398301433795
popular,1,1,0.044939205449,0.23543415511,0.719626639441
appreciative,1,1,0.00205352991047,0.00751078783991,0.99043568225
conch,0,0,0.000163019929625,0.985999207691,0.0138377723797
mercifully,1,-1,0.712648250673,0.0297947289067,0.25755702042
capable,1,1,0.0831631177822,0.0644837002616,0.852353181956
pasta,0,0,2.46982859025e-06,0.998408674681,0.00158885549065
amicably,1,1,0.0593483090327,0.110041721419,0.830609969548
mayo,0,0,0.0035625321508,0.986372680062,0.0100647877873
bustle,1,1,0.0206624509785,0.0744810451373,0.904856503884
comfy,1,1,0.0147634893486,0.0577906872667,0.927445823385
sardonic,-1,0,0.559006122576,0.00922232630722,0.431771551117
horseradish,0,0,2.74406037182e-07,0.999587601144,0.00041212444961
peerless,1,1,0.000219984599448,0.00310011112061,0.99667990428
boredom,-1,-1,0.866662758053,0.0576666926642,0.0756705492828
unfriendly,-1,-1,0.9948682811,0.000781962762224,0.00434975613816
favourite,1,0,5.03561043828e-05,0.664223608967,0.335726034929
modern,1,1,0.0138394780782,0.0542039310872,0.931956590835
dauntless,1,1,0.00475133758802,0.00431538491643,0.990933277496
fucker,-1,-1,0.790739413435,0.1957512952,0.0135092913647
sturgeon,0,0,0.000222984610423,0.98331431074,0.0164627046499
charm,1,1,0.0230079955764,0.103358430205,0.873633574219
forgettable,-1,-1,0.657248146008,0.0113342109642,0.331417643028
fabulously,1,1,0.0119502359151,0.0419698103696,0.946079953715
impecable,1,1,0.055996297899,0.149133378097,0.794870324004
catcher,1,0,0.0459411085091,0.778284599593,0.175774291898
unimaginative,-1,-1,0.993178393944,0.00102161675405,0.00579998930176
trick,-1,1,0.0721875436726,0.153809649925,0.774002806403
unprofessional,-1,-1,0.95342160721,0.006773955104,0.0398044376864
satisfied,1,1,0.00274776035177,0.0118482209879,0.98540401866
ingredient,0,0,0.0117720454465,0.9242844171,0.0639435374535
like,0,-1,0.667477662046,0.0856095604238,0.24691277753
gaudy,-1,1,0.300089289921,0.0591492200949,0.640761489984
nifty,1,0,0.0508797930619,0.407517034722,0.541603172216
apathy,-1,-1,0.996175112461,0.00270447735714,0.0011204101823
economical,1,1,0.00642959589494,0.296526671233,0.697043732872
aspic,0,0,0.00808992497347,0.861128917833,0.130781157194
harsh,-1,-1,0.957089476299,0.0211687986733,0.0217417250282
scratchy,-1,-1,0.852517046008,0.0523719766005,0.0951109773912
cleverly,1,1,0.0416642688437,0.0758813659836,0.882454365173
sandwich,0,0,1.77728247818e-05,0.996569252262,0.00341297491363
dismal,-1,-1,0.797186116829,0.0113154412587,0.191498441912
review,0,0,0.216337541689,0.60027096639,0.183391491921
pietra,0,0,0.119825423299,0.571511095664,0.308663481036
quacamole,0,0,0.00032031145299,0.980085467705,0.0195942208422
disgust,-1,-1,0.992878902967,0.00523445607754,0.00188664095575
peaceful,1,1,0.00173756445148,0.00888308619686,0.989379349352
salmon,0,0,6.81591478074e-06,0.997232204504,0.00276097958171
woe,-1,-1,0.992395233828,0.00458484721014,0.00301991896199
gooseberry,0,0,0.000242811491526,0.982706648118,0.0170505403909
chowder,0,0,6.75008082639e-08,0.999740595449,0.000259337049866
painlessly,1,1,0.104214056684,0.0473476957542,0.848438247562
ackward,-1,-1,0.645464984041,0.135593925897,0.218941090062
agreeably,1,1,0.0740798066622,0.0452403265468,0.880679866791
ameliorate,1,-1,0.637571462512,0.0933848868087,0.269043650679
location,0,0,0.00390480169955,0.978568500912,0.0175266973884
befoul,-1,-1,0.950991634682,0.0200700103287,0.0289383549897
bouillon,0,0,3.12046510473e-05,0.993835193052,0.00613360229724
uncomfy,-1,0,0.486304094288,0.244862986613,0.268832919098
bore,-1,-1,0.896448301147,0.0629784550945,0.0405732437581
"maitre",0,0,0.231279463733,0.465045313056,0.303675223211
conspiratorial,-1,-1,0.988074175417,0.0033050657712,0.00862075881194
hominy,0,0,8.80980547295e-05,0.990232673654,0.0096792282916
impudent,-1,-1,0.891034892517,0.00606200503788,0.102903102445
torpor,-1,-1,0.803198378237,0.0317014768261,0.165100144937
fascinate,1,1,0.00232666361541,0.0029369981685,0.994736338216
ricotta,0,0,0.000281194988123,0.980915368489,0.0188034365228
accommodative,1,1,0.057512098142,0.0428687351107,0.899619166747
asparagus,0,0,9.08813222327e-05,0.989379094929,0.0105300237488
croissant,0,0,1.14541469635e-05,0.997498033709,0.00249051214376
venomously,-1,-1,0.962621141879,0.0121229676614,0.0252558904593
hovel,0,0,0.491233019899,0.427797543603,0.0809694364987
spoil,-1,-1,0.680712412264,0.0794775786245,0.239810009112
insult,-1,-1,0.9955633457,0.000233163345898,0.00420349095436
impair,-1,-1,0.947333843936,0.0154408390122,0.0372253170518
liquor,0,0,0.00224609862124,0.996797744064,0.000956157314993
dismissive,-1,-1,0.988369210933,0.000474488133161,0.0111563009343
coleslaw,0,0,4.55699723153e-06,0.997700676723,0.00229476627939
reject,-1,-1,0.928057046362,0.0420975026711,0.0298454509669
margarine,0,0,4.27353198798e-06,0.998840905504,0.00115482096377
pestilent,-1,-1,0.908954791351,0.0244715727602,0.0665736358891
eclectic,1,1,0.00358137051856,0.0464592102293,0.949959419252
sweet,1,0,0.00355195067143,0.385236596575,0.611211452754
felicitous,1,1,0.0050028855256,0.020501707935,0.974495406539
deceitfully,-1,-1,0.954708631184,0.017019812333,0.028271556483
cloying,-1,-1,0.636340967839,0.0968323894779,0.266826642683
hostel,0,0,0.0872696071009,0.864531102729,0.0481992901698
imposture,-1,-1,0.858581676618,0.0561581258749,0.0852601975067
flawless,1,1,0.000271731239734,0.00565493520761,0.994073333553
generously,1,0,0.0073922728252,0.49627556069,0.496332166485
pleasurably,1,1,0.062137929666,0.22901204136,0.708850028974
scenery,0,0,0.000902776061986,0.965429257982,0.0336679659562
unappreciative,-1,-1,0.985340183252,0.000477936694799,0.014181880053
lolly,0,0,0.018528660874,0.968642490731,0.0128288483952
downside,-1,-1,0.908396578401,0.0135337183297,0.0780697032692
felicitate,1,1,0.00867902876082,0.0612118907211,0.930109080518
candy,0,0,0.0015400463808,0.954216680876,0.0442432727427
avocado,0,0,3.95050206148e-05,0.993081885764,0.00687860921509
beneficially,1,1,0.0524320306637,0.0727473631387,0.874820606198
coffee,0,0,4.49014077146e-06,0.997976338873,0.00201917098646
overcompensate,1,-1,0.982805661928,0.00661105947061,0.0105832786013
rabid,-1,-1,0.847898266937,0.00664874640034,0.145452986663
tire,-1,0,0.0394160490722,0.929197697617,0.0313862533109
helpful,1,1,0.00951099175883,0.100767251685,0.889721756556
unimportant,-1,-1,0.984930548685,0.00371957956784,0.0113498717467
profitable,1,1,0.0284352820303,0.126450262851,0.845114455119
gross,-1,-1,0.86642033938,0.0672462208824,0.0663334397377
strudel,0,0,0.000169122871023,0.985584468455,0.0142464086743
deficiency,-1,-1,0.870502827303,0.0708998808481,0.058597291849
unaccommodating,-1,-1,0.988953684266,0.00200228251745,0.00904403321646
awe,1,1,0.00368765071775,0.0112705900814,0.985041759201
cravenly,-1,-1,0.984472176363,0.00418030188604,0.0113475217514
moron,-1,-1,0.927026343473,0.0650566472532,0.00791700927422
inappropriate,-1,-1,0.783908109769,0.00178893778896,0.214302952442
dessserts,0,0,0.231279463733,0.465045313056,0.303675223211
tamale,0,0,1.19639479919e-05,0.996592844323,0.00339519172874
"ill-used",-1,0,0.231279463733,0.465045313056,0.303675223211
importunate,-1,-1,0.660017095608,0.020111243313,0.319871661079
tasty,1,1,0.00217490031581,0.148249808724,0.84957529096
disgustful,-1,0,0.231279463733,0.465045313056,0.303675223211
milkshake,0,0,0.000356294251163,0.978622760528,0.0210209452204
thin,0,1,0.0400473109472,0.174521734428,0.785430954625
rude,-1,-1,0.998413631258,0.000330215584736,0.00125615315765
dismay,-1,-1,0.947888738646,0.0252199313296,0.0268913300241
happy,1,1,0.000258787469458,0.00570136868875,0.994039843842
satisfied,1,1,0.00274776035177,0.0118482209879,0.98540401866
good,1,1,0.0166454818897,0.0586612025774,0.924693315533
positive,1,1,0.00864988856974,0.0118417241046,0.979508387326
excellent,1,1,0.00150685185579,0.0196673699234,0.978825778221
flawless,1,1,0.000271731239734,0.00565493520761,0.994073333553
unimpaired,1,1,0.0582545894402,0.0202800399664,0.921465370593
unhappy,-1,1,0.258082416438,0.00451548075848,0.737402102804
unsatisfied,-1,0,0.534899035018,0.0200965462099,0.445004418772
bad,-1,-1,0.95158829623,0.012908351704,0.0355033520661
