word,Actual_Polarity,Calc_Polarity,NegativeSimilarity,NeutralSimilarity,PositiveSimilarity
outstand,1,1,0.0867778852051,0.258517646143,0.654704468652
disgust,-1,-1,0.990539527762,0.00655989479127,0.00290057744696
lighting,0,0,0.0192449001903,0.706251759331,0.274503340478
substandard,-1,-1,0.985359465485,0.0102921681475,0.00434836636731
worthlessly,-1,0,0.163400520137,0.562022667492,0.274576812371
calumniously,-1,0,0.163400520137,0.562022667492,0.274576812371
devious,-1,-1,0.920554351513,0.00530715510453,0.0741384933825
meatloaf,0,0,1.0004521964e-05,0.996840656627,0.00314933885063
hazelnut,0,0,6.70019852126e-06,0.997381736361,0.00261156344082
horrendously,-1,-1,0.994002382197,0.00272047173604,0.00327714606689
light,0,0,0.0576808441589,0.625403759116,0.316915396725
bother,-1,-1,0.94896110498,0.028491810497,0.0225470845225
belligerently,-1,-1,0.987793275722,0.00152873939594,0.0106779848817
marzipan,0,0,0.000332413458143,0.979746134245,0.0199214522965
practical,1,1,0.0176767271596,0.19759559387,0.78472767897
winningest,1,1,0.0107853815612,0.0861752451346,0.903039373304
extensive,1,1,0.00361795605454,0.0986234324939,0.897758611452
wheat,0,0,0.00196887144603,0.993543563666,0.004487564888
cobweb,0,0,0.157202307537,0.779907673842,0.0628900186203
basil,0,0,1.14275508068e-05,0.996276984064,0.00371158838557
squab,0,0,0.000473666660331,0.975279992922,0.0242463404177
altruistic,1,1,0.0656790228163,0.00864551827199,0.925675458912
smutty,-1,-1,0.9630182494,0.01122573453,0.0257560160698
ribbon,0,0,0.00257183784952,0.936742009264,0.060686152886
grubby,-1,-1,0.964837341458,0.0214357806725,0.0137268778695
teapot,0,0,0.00526666745552,0.969464758182,0.0252685743627
train,1,0,0.0631157505286,0.558170293285,0.378713956187
insupportably,-1,0,0.163400520137,0.562022667492,0.274576812371
celery,0,0,3.51518122976e-06,0.998397773939,0.00159871087983
monstrously,-1,-1,0.91289731291,0.0224813550181,0.0646213320716
aggressive,-1,-1,0.571400364191,0.0358214076396,0.392778228169
entertain,1,1,0.0286631774526,0.0793208541322,0.892015968415
disgust,-1,-1,0.990539527762,0.00655989479127,0.00290057744696
price,0,0,0.0396656321927,0.829437997615,0.130896370192
kickass,-1,1,0.0207735137883,0.0890545419536,0.890171944258
pan,0,0,0.00472750868349,0.951778956109,0.0434935352077
revere,1,1,0.00935608563729,0.00890853656235,0.9817353778
indecently,-1,1,0.467428356412,0.0327881916192,0.499783451969
accomodative,1,1,0.208909799791,0.129228756364,0.661861443844
repressive,-1,-1,0.968203489748,0.00510984095682,0.0266866692954
illogic,-1,-1,0.981626668531,0.00704979430845,0.0113235371603
torpidity,-1,-1,0.660800315505,0.157363445974,0.181836238521
ridiculous,-1,-1,0.983579875388,0.00534313882412,0.0110769857879
sicken,-1,-1,0.963010578154,0.0229291907227,0.0140602311229
transcendent,1,1,0.000672071703256,0.00242891130271,0.996899016994
acrid,-1,-1,0.80730262787,0.154522934384,0.038174437746
grumpily,-1,-1,0.981860326728,0.0108114817511,0.00732819152062
enchant,1,1,6.98670218426e-05,0.00279133817656,0.997138794802
enchantingly,1,1,0.00720142638097,0.047533450593,0.945265123026
saute,0,0,2.7469644215e-05,0.994221169306,0.00575136105012
cognac,0,0,0.000348328534525,0.979179749779,0.0204719216866
appalling,-1,-1,0.993500548742,0.000860215250812,0.00563923600733
insult,-1,-1,0.996515156538,0.00237910095827,0.00110574250363
appropriate,1,1,0.111839080648,0.125834573146,0.762326346206
walnut,0,0,6.80562563901e-06,0.997185727718,0.00280746665632
apprehensively,-1,-1,0.462794577464,0.141498548103,0.395706874433
handsomely,1,1,0.00540012306544,0.0119970110879,0.982602865847
peppy,1,1,0.00329105010603,0.00903536013874,0.987673589755
derogatory,-1,-1,0.991204020777,0.00666066431534,0.00213531490778
kiwi,0,0,0.00451299936068,0.952213162196,0.0432738384431
scornfully,-1,-1,0.992912431738,0.00186071111521,0.00522685714702
gelatin,0,0,6.70642674224e-05,0.99116709392,0.0087658418121
rotten,-1,-1,0.937629533919,0.054264615529,0.00810585055183
harshly,-1,-1,0.99171746534,0.00164029490607,0.00664223975407
roll,0,0,0.026187496876,0.636299279724,0.3375132234
abrupt,-1,-1,0.865608444227,0.0386620732513,0.0957294825219
talented,1,1,0.00010690306205,0.00342783782254,0.996465259115
huge,0,1,0.0299292548781,0.267670674134,0.702400070988
heavenly,1,1,0.00292707740348,0.0779039285846,0.919168994012
rapture,1,1,0.12485722352,0.0354821396754,0.839660636805
regrettable,-1,-1,0.926245580443,0.00745872410111,0.0662956954559
meal,0,0,0.000101350702307,0.988723374337,0.0111752749604
mess,-1,-1,0.967363944159,0.0295028248374,0.00313323100404
clam,0,0,0.00445879171823,0.986699855174,0.00884135310754
slowwww,-1,0,0.163400520137,0.562022667492,0.274576812371
request,0,0,0.03272601319,0.67163237764,0.29564160917
thankful,1,1,0.00466193165991,0.0298374327523,0.965500635588
delectation,1,1,0.0567314946613,0.167182826817,0.776085678522
awesomely,1,1,0.0396854360771,0.0470877214916,0.913226842431
beauty,1,1,0.00431257600905,0.17080077264,0.824886651351
majestic,1,1,0.00142079136772,0.00843547235244,0.99014373628
exquisite,1,1,0.00013734531235,0.0149094889525,0.984953165735
entire,0,-1,0.420505480829,0.345975835177,0.233518683995
hartshorn,0,0,0.163400520137,0.562022667492,0.274576812371
valiant,1,1,0.049779546263,0.00654062221139,0.943679831526
magnificent,1,1,1.76486826158e-05,0.00281200533898,0.997170345978
ration,0,0,0.0696967943027,0.89253546065,0.0377677450473
seedy,-1,-1,0.918067204132,0.0547083031398,0.0272244927285
guava,0,0,1.87833181316e-05,0.995281929829,0.00469928685328
joyfully,1,1,0.00787793156906,0.0121179305711,0.98000413786
marinara,0,0,1.28344923121e-05,0.996336190724,0.00365097478366
disastrously,-1,-1,0.988709847646,0.00482772955382,0.00646242279977
overcharge,-1,-1,0.910625455452,0.0709564477155,0.0184180968321
disgraceful,-1,-1,0.998396651782,0.000479257683481,0.00112409053459
atrocious,-1,-1,0.970069244718,0.0012058848372,0.0287248704447
maliciously,-1,-1,0.988855473007,0.00535400044929,0.00579052654352
sloooow,-1,-1,0.458676395556,0.268869225789,0.272454378655
uncivil,-1,-1,0.998269115979,0.000416252029365,0.00131463199135
burger,0,0,3.56320866309e-06,0.998290066565,0.00170637022593
spirited,1,1,0.00464489413607,0.006099306941,0.989255798923
tremendous,1,1,0.00160572865302,0.0205952438999,0.977799027447
nauseate,-1,-1,0.932084172329,0.0270374630025,0.0408783646685
trashy,-1,-1,0.956328271176,0.0205848930784,0.0230868357455
spurious,-1,-1,0.969484329296,0.0218733155323,0.00864235517152
servant,0,1,0.148971916023,0.211415318016,0.639612765961
compliment,1,1,0.00955518700365,0.061570722413,0.928874090583
malevolently,-1,-1,0.962964946432,0.0159497280819,0.0210853254861
regrettably,-1,-1,0.901869083215,0.0338177946823,0.0643131221022
"high_quality",1,0,0.163400520137,0.562022667492,0.274576812371
macaroon,0,0,0.00130555369357,0.990747284987,0.00794716131907
bitch,-1,-1,0.945337082859,0.0479169699494,0.00674594719163
blissful,1,1,0.00436063276472,0.00960478331154,0.986034583924
unusable,-1,-1,0.950153503665,0.0383969389978,0.011449557337
abundant,1,1,0.00759108826242,0.0818373008121,0.910571610925
wholesome,1,1,0.00427095486179,0.0490145482019,0.946714496936
hall,0,0,0.0666307252581,0.845453929469,0.0879153452726
complacent,-1,-1,0.971545105321,0.00518293615669,0.023271958522
delivery,0,0,0.0378889070549,0.661966452372,0.300144640573
passivity,-1,-1,0.98455430118,0.00451675234679,0.0109289464736
harmful,-1,-1,0.971206923581,0.0129292391604,0.015863837259
delectable,1,1,0.000608960912258,0.16559281963,0.833798219458
valiantly,1,1,0.100510808189,0.0173247504734,0.882164441338
section,0,0,0.250276665466,0.697769888126,0.0519534464084
confusing,-1,-1,0.979896423111,0.0119228212081,0.00818075568115
talent,1,1,0.00487582659654,0.0824168421033,0.9127073313
enthusiastically,1,1,0.00567108586088,0.0180238017874,0.976305112352
smugly,-1,-1,0.859860349892,0.0125113332048,0.127628316903
glad,1,1,0.01227989337,0.0756394499382,0.912080656692
pickle,0,0,0.01571908603,0.971612969866,0.0126679441041
ladyfinger,0,0,0.0015976726629,0.988276239368,0.0101260879689
grandioso,1,0,0.163400520137,0.562022667492,0.274576812371
pomegranate,0,0,5.3355017653e-05,0.991913138977,0.00803350600508
corner,0,0,0.162428689458,0.643201942223,0.194369368319
merit,1,1,0.200630028408,0.25017082445,0.549199147142
stupidly,-1,-1,0.982233122815,0.00662929289537,0.0111375842894
basic,0,1,0.0647864125601,0.364116083666,0.571097503774
disrespectfully,-1,-1,0.993213038897,0.00438879487922,0.00239816622403
caviar,0,0,3.45800075524e-05,0.993607652888,0.00635776710488
poor,-1,-1,0.993247148559,0.00444051759158,0.00231233384986
lemon,0,0,0.00201401774724,0.990279424397,0.00770655785545
"ill-favored",-1,0,0.163400520137,0.562022667492,0.274576812371
option,0,0,0.0540055959248,0.681462140917,0.264532263158
cabernet,0,0,0.000516412306532,0.973885248681,0.0255983390121
legume,0,0,0.00125695678861,0.987221646508,0.0115213967035
acceptable,1,1,0.437806933092,0.0626219370471,0.499571129861
virtuously,1,1,0.103793325613,0.0791984644525,0.817008209935
curry,0,0,1.09859318081e-05,0.997250800394,0.00273821367401
trust,1,-1,0.485073424083,0.2248845457,0.290042030217
snob,0,-1,0.37058773408,0.320143990231,0.309268275689
caper,0,0,0.196397378106,0.68303784743,0.120564774464
hoodwink,-1,-1,0.970659505389,0.00938619263056,0.0199543019809
grit,0,1,0.0443639436937,0.214970859175,0.740665197132
subpar,-1,-1,0.948120993533,0.00641282401029,0.0454661824569
damn,-1,-1,0.750840602132,0.0893159578072,0.159843440061
rile,-1,-1,0.974372052475,0.00892793330348,0.0167000142215
wrap,0,0,0.0386029906117,0.743451893953,0.217945115435
caraway,0,0,0.000267615551025,0.981571076305,0.0181613081436
order,0,0,0.0879462555182,0.763952507508,0.148101236974
frustrate,-1,-1,0.95536805895,0.00442247607232,0.0402094649781
imaginative,1,1,0.00207991060491,0.00813467271902,0.989785416676
ineloquently,-1,0,0.163400520137,0.562022667492,0.274576812371
fuss,-1,-1,0.527466672875,0.16491894562,0.307614381505
stupidity,-1,-1,0.993903068323,0.00324172357498,0.00285520810168
pastry,0,0,1.61783151181e-06,0.998666870946,0.00133151122249
overpay,0,-1,0.60669991931,0.187917984247,0.205382096443
wedding,0,0,0.00323369289399,0.894616298458,0.102150008648
festive,1,1,0.00555000757026,0.409730220399,0.584719772031
terrace,0,0,0.00283436002279,0.912329000777,0.0848366391999
agave,0,0,3.53297483396e-05,0.993440562828,0.00652410742401
riveting,1,1,0.016151466943,0.00452463458839,0.979323898469
alarm,-1,-1,0.695679500789,0.254806604548,0.0495138946629
scene,0,0,0.0532711757377,0.575505172431,0.371223651831
inhospitable,-1,-1,0.826716594534,0.0110452422035,0.162238163263
unhappiness,-1,-1,0.97957446006,0.00664155369878,0.0137839862417
flower,0,0,0.000963739359417,0.964275291572,0.0347609690689
nark,1,-1,0.812519334529,0.162063868683,0.0254167967886
enjoyable,1,1,8.07720207943e-06,0.00215742985657,0.997834492941
toffee,0,0,0.000166789239247,0.98598351689,0.0138496938705
skewer,0,0,0.105410861658,0.767538170549,0.127050967793
wondrous,1,1,0.000594897693361,0.00446821773899,0.994936884568
gourmet,1,0,0.000119068693431,0.951930525616,0.047950405691
worry,-1,-1,0.876481436648,0.0813559190958,0.0421626442564
haddock,0,0,1.65601188564e-05,0.996139701366,0.00384373851557
bemuse,-1,1,0.433224800587,0.0260112217725,0.540763977641
"ill-natured",-1,0,0.163400520137,0.562022667492,0.274576812371
caffe,0,0,0.00139775867965,0.956350144579,0.0422520967413
inedible,-1,0,0.415020715627,0.569955910292,0.0150233740818
fry,0,0,0.0106898034528,0.980707506151,0.00860269039613
adverse,-1,-1,0.820354363897,0.081533137236,0.0981124988672
appetizer,0,0,4.49432022635e-05,0.992662436532,0.00729262026556
tender,1,1,0.00674803675249,0.312154242435,0.681097720813
sickly,-1,-1,0.939932163654,0.032332061982,0.0277357743635
pear,0,0,5.55313044776e-06,0.997476850754,0.00251759611539
betray,-1,-1,0.95763600222,0.0102483334945,0.032115664285
atmoshere,0,0,0.163400520137,0.562022667492,0.274576812371
affectionate,1,1,0.00282611202157,0.00317422032326,0.993999667655
annoy,-1,-1,0.988127114261,0.00496450167865,0.00690838406031
succotash,0,0,0.000488170275855,0.975088008089,0.0244238216352
tinny,-1,-1,0.811067106211,0.116699877175,0.0722330166142
deplore,-1,-1,0.989535969152,0.00395842401189,0.00650560683631
cantaloupe,0,0,4.78488393391e-06,0.99799255259,0.00200266252629
kabob,0,0,2.81179522524e-05,0.994145110477,0.00582677157097
boring,-1,-1,0.947324866536,0.00845302389086,0.0442221095732
feeble,-1,-1,0.990600565563,0.00165112971413,0.00774830472332
crude,-1,0,0.436568409664,0.473540035979,0.0898915543567
lobster,0,0,1.31030285995e-05,0.996189761843,0.00379713512851
wild_rice,0,0,0.163400520137,0.562022667492,0.274576812371
desk,0,0,0.068428371083,0.842998115145,0.0885735137721
frontman,0,-1,0.414455976721,0.265856391749,0.31968763153
enticing,1,1,0.0207596702198,0.03186550967,0.94737482011
authentic,1,1,0.000979982921175,0.0752224303421,0.923797586737
overrate,-1,-1,0.876390085818,0.0112616820549,0.112348232127
dirty,0,-1,0.955047386019,0.0323251702889,0.0126274436922
cucumber,0,0,4.1260003683e-05,0.993255725153,0.00670301484379
gloriously,1,1,0.0373973173798,0.011236290602,0.951366392018
terrible,-1,-1,0.993378043313,0.00268992389652,0.00393203279024
affordably,1,1,0.0022932638222,0.099057688855,0.898649047323
harassment,-1,-1,0.94963170506,0.0413448937941,0.00902340114578
melt,1,0,0.0612790766425,0.668833202553,0.269887720805
heartily,1,1,0.00807723316109,0.0383453575454,0.953577409294
overzealous,-1,-1,0.991682076557,0.00574028453005,0.00257763891285
heavy-handed,-1,0,0.163400520137,0.562022667492,0.274576812371
gluten,0,0,0.00461578831013,0.987353269926,0.00803094176383
heartless,-1,-1,0.996812357108,0.00061618267105,0.00257146022046
endear,1,1,0.20136080405,0.00384032191991,0.79479887403
slanderous,-1,-1,0.99535050001,0.00298827621885,0.00166122377152
comfort,0,1,0.0104547217292,0.115874806599,0.873670471672
syrah,0,0,0.00027908758033,0.981015887361,0.0187050250589
montparnasse,0,0,0.163400520137,0.562022667492,0.274576812371
gracefully,1,1,0.00121043112192,0.0040459919973,0.994743576881
nasty,-1,-1,0.98555411493,0.00791174623591,0.00653413883408
hysterically,-1,-1,0.985767409135,0.00338133953646,0.0108512513286
pudding,0,0,7.42708549924e-05,0.99041365353,0.0095120756153
motel,0,0,0.0610117711826,0.920510942006,0.0184772868109
veggies,0,0,1.40219060063e-05,0.99588542128,0.00410055681371
antipasto,0,0,2.50874819199e-05,0.994459864454,0.00551504806382
torpiness,-1,0,0.163400520137,0.562022667492,0.274576812371
treacherously,-1,-1,0.851930641134,0.0378120910975,0.110257267768
food,0,0,0.00178201340213,0.985357723543,0.0128602630549
smooth,1,1,0.00297793133263,0.0344619063986,0.962560162269
pack,-1,0,0.102991287813,0.694327360393,0.202681351794
torturous,-1,-1,0.940844879974,0.00788354749239,0.0512715725331
blameless,1,-1,0.972621905831,0.0017346848969,0.0256434092717
busboy,0,0,0.0611813798518,0.88985605944,0.0489625607077
fromager,0,0,0.0434522173693,0.623656146803,0.332891635827
annihilate,-1,-1,0.797549712537,0.0177942172732,0.18465607019
success,1,1,0.00856613959065,0.099175613281,0.892258247128
balsamic,0,0,3.10377085959e-05,0.993831340389,0.00613762190245
bean,0,0,1.74392316991e-05,0.99644963726,0.00353292350831
doughnut,0,0,0.163400520137,0.562022667492,0.274576812371
uncompetitive,-1,-1,0.989533838182,0.00610471554267,0.00436144627566
next,0,0,0.0200229526497,0.550274612303,0.429702435047
dark,0,-1,0.48590484227,0.21373526142,0.30035989631
awe,1,1,0.0031255994403,0.00747101783212,0.989403382728
piteous,-1,-1,0.980772315675,0.00408347026688,0.0151442140577
hilarious,1,1,0.134541479436,0.0154933880533,0.84996513251
outperformance,1,1,0.0416312843523,0.250057552483,0.708311163164
arrogant,-1,-1,0.997320390221,0.000303910699337,0.00237569907961
thai,0,0,0.0452738815379,0.867899190096,0.086826928366
attractively,1,1,0.00263704813752,0.0299912635674,0.967371688295
"%c%c*bread",0,0,0.163400520137,0.562022667492,0.274576812371
sarcastically,-1,-1,0.924595181035,0.0349254818083,0.0404793371569
present,0,1,0.0228354226764,0.260082231828,0.717082345496
joint,0,0,0.117221645297,0.669534003258,0.213244351445
alcohol,0,0,0.0267646988275,0.958016034462,0.01521926671
discontented,-1,-1,0.95871075967,0.00696990656024,0.0343193337698
sparerib,0,0,0.163400520137,0.562022667492,0.274576812371
appallingly,-1,-1,0.994832987331,0.00112471441996,0.00404229824951
staid,-1,1,0.320822098744,0.0243719485357,0.654805952721
shrimp,0,0,1.51105281449e-06,0.998812539472,0.00118594947532
throw,-1,0,0.240646670272,0.606210523382,0.153142806347
waitstaffs,0,0,0.0820551362269,0.569571712801,0.348373150972
costly,0,-1,0.914074190669,0.0323835020497,0.0535423072814
ashamed,-1,-1,0.978613457084,0.00333103541983,0.0180555074958
quarrelsome,-1,-1,0.969275160353,0.00852130335034,0.022203536297
mussles,0,0,0.163400520137,0.562022667492,0.274576812371
ingeniously,1,1,0.0227452581246,0.0407562870187,0.936498454857
brutally,-1,-1,0.868546587413,0.026747727082,0.104705685505
disgust,-1,-1,0.990539527762,0.00655989479127,0.00290057744696
unprofitable,-1,-1,0.840157308032,0.0612058163067,0.0986368756614
nectar,0,0,0.000292765490524,0.937939431665,0.0617678028448
calumnious,-1,-1,0.976414603542,0.0116293843268,0.0119560121311
simple,0,1,0.00641891433286,0.0826110156724,0.910970069995
defamatory,-1,-1,0.983451481767,0.00549445361558,0.0110540646176
run-down,-1,0,0.163400520137,0.562022667492,0.274576812371
bounteous,1,1,0.00298127051631,0.0281052622349,0.968913467249
dishonorablely,-1,0,0.163400520137,0.562022667492,0.274576812371
flounder,0,0,0.0791489062918,0.874724665588,0.0461264281201
mousse,0,0,4.64715111359e-05,0.992547292889,0.00740623559981
ramshackle,-1,-1,0.679458852464,0.147245802191,0.173295345345
quaint,1,1,0.034260610982,0.111406925675,0.854332463343
top_notch,1,0,0.163400520137,0.562022667492,0.274576812371
sweetness,1,1,0.00170042299325,0.388069864617,0.61022971239
crowd,-1,1,0.022069896856,0.233685900137,0.744244203007
ignorance,-1,-1,0.986219564109,0.00797231634241,0.0058081195488
ramp,0,0,0.0787407625752,0.628759687041,0.292499550384
overprice,-1,-1,0.936338842803,0.0498062544336,0.013854902763
tiresome,-1,-1,0.987152775609,0.00185712054086,0.0109901038498
must,1,1,0.0158667774467,0.147916871538,0.836216351015
occasion,0,1,0.00793634052366,0.173849188293,0.818214471183
scant,-1,-1,0.660815987246,0.138713454229,0.200470558525
snobish,-1,0,0.163400520137,0.562022667492,0.274576812371
beat,-1,1,0.0233732395175,0.155621554505,0.821005205978
stellar,1,1,0.00110192228999,0.00484558184828,0.994052495862
impressively,1,1,0.00057397551895,0.00397565506583,0.995450369415
disparage,-1,-1,0.966514789969,0.00513000814901,0.0283552018822
heaviness,-1,1,0.336584461102,0.249460385814,0.413955153083
borscht,0,0,6.83770594138e-05,0.991159336242,0.00877228669813
view,0,1,0.151124758775,0.381296216714,0.467579024511
dreck,-1,-1,0.970271333332,0.0114356004265,0.0182930662413
admiration,1,1,0.00215502350469,0.00624337339876,0.991601603097
belittle,-1,-1,0.989117481326,0.00366520826924,0.00721731040509
cram,-1,-1,0.605322201397,0.262781927265,0.131895871338
collard,0,0,5.67472183661e-05,0.99233524829,0.00760800449139
pecan,0,0,2.48966883635e-06,0.998353275456,0.00164423487545
masterful,1,1,4.12365640216e-06,2.28024559275e-06,0.999993596098
great,0,1,0.000204388318247,0.0181154580734,0.981680153608
cook,0,0,7.3920647737e-05,0.991262308596,0.00866377075656
souffle,0,0,0.000775504631217,0.96847979184,0.0307447035292
high-spirited,1,0,0.163400520137,0.562022667492,0.274576812371
beautiful,1,1,3.50605753698e-05,0.00772982181445,0.99223511761
surpass,1,1,0.0112081522893,0.0381365046634,0.950655343047
chick,0,0,0.109660765986,0.822961711078,0.0673775229362
refresh,1,1,0.028401159415,0.352325322052,0.619273518533
water,0,0,0.0180531906652,0.944436747393,0.0375100619421
stuffy,-1,-1,0.874527712767,0.0592466844576,0.0662256027753
dextrous,1,1,0.00273889338433,0.005931055687,0.991330050929
uninteresting,-1,-1,0.979545532734,0.00472347813067,0.0157309891348
swordfish,0,0,3.00731227192e-05,0.994533587788,0.0054363390895
endear,1,1,0.20136080405,0.00384032191991,0.79479887403
cheerless,-1,-1,0.969863936897,0.00676555380455,0.0233705092981
dreadful,-1,-1,0.974495856234,0.00204365413415,0.0234604896323
accomodating,1,1,0.0145712311877,0.0458868862066,0.939541882606
healthy,1,1,0.00286537584974,0.0786835555433,0.918451068607
feebleminded,-1,-1,0.978799067397,0.0127228951127,0.00847803749026
elegant,1,1,8.57952092618e-05,0.0127308306705,0.98718337412
presumptuously,-1,-1,0.816907563838,0.0281266487209,0.154965787441
slanderously,-1,-1,0.862022324861,0.0966000442261,0.041377630913
granola,0,0,0.00112935311547,0.986232472993,0.0126381738918
anchovy,0,0,2.34101324527e-05,0.995343672541,0.00463291732657
true,0,1,0.0208213651631,0.0692323769544,0.909946257882
kohlrabi,0,0,7.10164922632e-05,0.990845273364,0.00908371014387
dolt,-1,-1,0.975536917215,0.0120425310162,0.0124205517686
guiness,0,0,0.0270904290217,0.751754415177,0.221155155801
perverse,-1,-1,0.9811536888,0.00223279442198,0.0166135167776
woeful,-1,-1,0.968284339229,0.00338407918759,0.0283315815833
citronella,0,0,0.00228275871705,0.979486159636,0.0182310816465
humourous,1,1,0.0924801634397,0.0347878549138,0.872731981646
kringle,0,0,0.000119062723806,0.9879860674,0.0118948698766
sneakily,-1,-1,0.895329861454,0.0484616903505,0.0562084481952
ineffectively,-1,-1,0.993632795501,0.00254527116388,0.00382193333477
scrumptious,1,1,0.00037347221141,0.490821132408,0.508805395381
idiot,-1,-1,0.96820908552,0.0190453845423,0.0127455299381
stylish,1,1,0.000127853956375,0.0137548129122,0.986117333131
ominously,-1,-1,0.967012949253,0.00822906212019,0.0247579886271
patty,0,0,5.23778064281e-06,0.997694858651,0.00229990356794
kingfish,0,0,4.28872907113e-05,0.993349357295,0.00660775541453
irreproachable,1,1,0.00212288533707,0.002034140275,0.995842974388
greatness,1,1,0.000866981956757,0.0037275942271,0.995405423816
nightmarish,-1,-1,0.96153673805,0.00528766048794,0.0331756014618
vulgar,-1,-1,0.986083347141,0.00310019558056,0.0108164572783
fish,0,0,0.00179237267176,0.992379026909,0.00582860041972
chutney,0,0,2.43534546861e-05,0.994555372224,0.00542027432116
negligent,-1,-1,0.96750945476,0.00795801247928,0.0245325327609
selection,0,0,0.0160301575652,0.521980907166,0.461988935268
artwork,0,0,0.00584969164774,0.802350026773,0.191800281579
menu,0,0,0.000128887246198,0.98732198381,0.0125491289435
plague,-1,-1,0.969034546742,0.0202778570079,0.0106875962496
listlessness,-1,-1,0.964341627682,0.0218083065184,0.0138500658001
judicious,1,1,0.0107631835142,0.0355378938258,0.95369892266
hostess,0,0,0.00756058830372,0.725419194818,0.267020216879
guiltily,-1,-1,0.838954254792,0.0921547098547,0.0688910353532
hash,0,0,0.029451289561,0.937531282802,0.0330174276373
friend,0,1,0.0155122922005,0.461678243164,0.522809464635
credulous,-1,-1,0.979560171947,0.00300177788797,0.0174380501646
overlook,-1,1,0.401264823295,0.145853630715,0.452881545991
hideously,-1,-1,0.987825982341,0.00713038455639,0.00504363310267
unforgetable,1,1,0.00945074649605,0.0721188107909,0.918430442713
excellant,1,1,0.0182950530696,0.14062087662,0.841084070311
strange,-1,-1,0.799559607504,0.0256251365382,0.174815255958
sickeningly,-1,-1,0.907734713088,0.0145084937914,0.0777567931211
place,0,0,0.0406416698135,0.787570271767,0.171788058419
mincemeat,0,0,0.241979237123,0.383396598132,0.374624164745
straw,0,0,0.271353385366,0.706270469424,0.0223761452099
improvement,1,1,0.05481947189,0.25822501692,0.68695551119
deceive,-1,-1,0.975130465959,0.00608546702547,0.0187840670156
appal,-1,-1,0.870457797133,0.0149153712132,0.114626831654
dastardly,-1,-1,0.941750165311,0.00742391505164,0.0508259196375
devour,1,1,0.292422095591,0.262219598021,0.445358306388
"ill-fated",-1,0,0.163400520137,0.562022667492,0.274576812371
nastily,-1,-1,0.983723442946,0.0115932994588,0.00468325759543
acerbically,-1,-1,0.869892690468,0.0208355981424,0.109271711389
martini,0,0,3.81615372993e-05,0.993240281143,0.00672155731931
malicious,-1,-1,0.973406167544,0.0101894004603,0.0164044319956
flavor,0,0,0.000389236866588,0.977775149466,0.0218356136677
granite,0,0,0.000978396144893,0.963840700982,0.0351809028731
friendly,1,1,0.0025012651977,0.0295423855128,0.967956349289
morel,0,0,5.11819187355e-05,0.992330866843,0.00761795123799
fearful,-1,-1,0.989915148668,0.00586817088186,0.00421668045024
admirably,1,1,0.000453199580619,0.00112325472289,0.998423545696
infamously,-1,-1,0.976991869363,0.0159405377137,0.00706759292355
delight,1,1,0.000163802012747,0.00628426408324,0.993551933904
cocoa,0,0,0.00108980633625,0.990258672273,0.0086515213904
aesthetics,0,1,0.0208221092591,0.320247345678,0.658930545063
humorless,-1,-1,0.99766242451,0.000437709253451,0.00189986623609
classy,1,1,0.000162046543092,0.00628635973089,0.993551593726
sommelier,0,0,0.000560277801975,0.884130118283,0.115309603915
counter,0,0,0.354512621807,0.588607210686,0.0568801675065
showeroom,0,0,0.163400520137,0.562022667492,0.274576812371
sinister,-1,-1,0.986238530151,0.00342912508491,0.010332344764
joyously,1,1,0.00664818186292,0.00922103590799,0.984130782229
excel,1,1,0.0031853599,0.0189162529107,0.977898387189
pea,0,0,0.0038761197284,0.987558245394,0.00856563487721
badly,-1,-1,0.927014344076,0.0373004092423,0.0356852466814
stupendously,1,1,0.235972915844,0.0203531853481,0.743673898808
dollar,0,0,0.138738786619,0.761518970567,0.0997422428139
stylishly,1,1,0.00307434145008,0.0169877922063,0.979937866344
obscenely,-1,-1,0.947289017333,0.0107647825484,0.0419462001187
irk,-1,-1,0.988311789934,0.000981902253588,0.0107063078126
sumptuous,1,1,0.00148068004211,0.0596470076364,0.938872312322
inability,-1,-1,0.956404741571,0.0294453136097,0.0141499448194
roofdeck,0,0,0.0195875530404,0.821812794297,0.158599652662
bulky,-1,-1,0.733450260519,0.115474709171,0.15107503031
raging,-1,-1,0.68240721003,0.200383536002,0.117209253968
misbegotten,-1,-1,0.987935756225,0.00567834466051,0.00638589911429
transcend,1,1,0.00994703389469,0.00649308529292,0.983559880812
luminary,1,1,0.0217146885034,0.186247531021,0.792037780476
junk,-1,-1,0.627480111818,0.350671656682,0.0218482315001
"so-so",-1,0,0.163400520137,0.562022667492,0.274576812371
surround,0,1,0.0797881245977,0.301196148722,0.61901572668
deliver,0,1,0.0227813004891,0.131724711288,0.845493988222
unwatchable,-1,-1,0.985381393646,0.00175143828407,0.0128671680698
loveable,1,1,0.0125357198925,0.0118118846977,0.97565239541
soda,0,0,0.00414512002989,0.993382345037,0.00247253493333
successfully,1,1,0.0258557986101,0.0940335827129,0.880110618677
enchant,1,1,6.98670218426e-05,0.00279133817656,0.997138794802
bungle,-1,-1,0.973146893037,0.0237634248865,0.00308968207642
unpalatable,-1,-1,0.965085236448,0.0168741481058,0.0180406154464
indifferent,-1,-1,0.989039953811,0.000939906485032,0.0100201397043
yellowtail,0,0,0.000103947802876,0.9888771793,0.0110188728972
resort,0,0,0.0836905041067,0.782786319385,0.133523176508
nefariously,-1,-1,0.976211953234,0.0141192123203,0.00966883444537
patio,0,0,0.000717821397586,0.968872075558,0.0304101030449
adroit,1,1,0.00370823956626,0.0014264510347,0.994865309399
dependable,1,1,0.000110494759447,0.00762905450418,0.992260450736
spice,0,0,0.00306206188648,0.943369893378,0.0535680447352
despondently,-1,-1,0.826471980658,0.0871461276549,0.0863818916874
bluefish,0,0,0.00127715124136,0.99217197477,0.00655087398899
nuisance,-1,-1,0.963613569651,0.0276960034574,0.0086904268918
cappuccino,0,0,8.03130471181e-05,0.990777838389,0.00914184856397
own,0,1,0.249177111355,0.231931717356,0.518891171288
honesty,1,1,0.0523534980258,0.0557484309322,0.891898071042
quality,0,1,0.019581835212,0.296340301706,0.684077863082
blissfully,1,1,0.12545825952,0.0170018920106,0.85753984847
staunch,1,1,0.12864751921,0.0494606332024,0.821891847588
sangria,0,0,1.02371813451e-05,0.996484970246,0.00350479257306
okra,0,0,4.71017232685e-05,0.993225041832,0.00672785644489
cocktail,0,0,0.00226507048562,0.982245121062,0.0154898084525
maladjusted,-1,-1,0.993170923175,0.00115326603885,0.00567581078591
wayward,-1,-1,0.91823573749,0.0127419836485,0.0690222788613
prosperous,1,1,0.0037092358896,0.0442869174529,0.952003846658
zwieback,0,0,0.163400520137,0.562022667492,0.274576812371
cruelly,-1,-1,0.962003034361,0.00304290562376,0.0349540600156
trustworthy,1,1,0.00417797255377,0.0109238189718,0.984898208474
decent,0,1,0.0420706825202,0.0290689481369,0.928860369343
disappointingly,-1,-1,0.791929762984,0.0176912823545,0.190378954661
pics,0,0,0.126575192987,0.559725471362,0.31369933565
breathtaking,1,1,0.000428252194718,0.00317635437281,0.996395393432
despairing,-1,-1,0.94373195047,0.00397321031306,0.0522948392174
mango,0,0,2.08719899263e-05,0.994976367223,0.00500276078716
adoringly,1,1,0.0585190030439,0.0315532503621,0.909927746594
tortilla,0,0,2.58704248371e-06,0.998879759036,0.00111765392131
asinine,-1,-1,0.993241840284,0.00221159885021,0.00454656086574
irresponsible,-1,-1,0.997810936847,0.000812434163721,0.00137662898901
detrimental,-1,-1,0.973226295122,0.00810638581575,0.0186673190625
candle,0,0,0.000851430677158,0.96622512205,0.0329234472733
enthrall,1,1,0.000210170723392,0.00231394528474,0.997475883992
spumoni,0,0,0.000856832598923,0.950035392325,0.0491077750764
abalone,0,0,2.37667269145e-06,0.99850615013,0.00149147319747
angelic,1,1,0.00778841674156,0.00735338959143,0.984858193667
fresh,0,1,0.00158728316444,0.428494180163,0.569918536672
fondue,0,0,8.0693013566e-06,0.996883453263,0.0031084774352
just,0,0,0.345586946212,0.452416076775,0.201996977013
coke,0,0,0.0234208426405,0.971088607831,0.00549054952871
inequitably,-1,-1,0.958615978693,0.0267104750501,0.0146735462566
brownie,0,0,0.0135021322397,0.958422479997,0.0280753877636
avariciously,-1,0,0.231246791154,0.387315506458,0.381437702388
reliable,1,1,0.00212477303029,0.0174683164895,0.98040691048
hostile,-1,-1,0.98861149315,0.00220749303965,0.00918101381073
music,0,0,0.021448774305,0.600931906279,0.377619319416
diverse,0,1,0.00258760314436,0.0392568009584,0.958155595897
turnip,0,0,0.00834484191846,0.987757200071,0.0038979580109
felony,-1,-1,0.426840235815,0.4229242451,0.150235519085
trendi,1,0,0.163400520137,0.562022667492,0.274576812371
trout,0,0,0.000107623460701,0.988793735145,0.0110986413947
cataclysmically,-1,-1,0.900107936469,0.0460878034405,0.0538042600901
insufferably,-1,-1,0.979514334878,0.0020096712337,0.0184759938887
fillet,0,0,2.21439516086e-05,0.994919026766,0.00505882928233
meaningless,-1,-1,0.987135956015,0.0039460573689,0.00891798661614
fudge,0,0,0.0122242327135,0.978554603567,0.00922116371998
return,0,-1,0.419134009023,0.357299576506,0.223566414471
jealous,-1,-1,0.954023144479,0.0125009613322,0.0334758941888
repugnant,-1,-1,0.991198951293,0.00142708184868,0.00737396685872
decoration,0,0,0.00289111656327,0.935100468383,0.0620084150536
bouillabaisse,0,0,0.000134553330964,0.987668634168,0.0121968125012
"ill-tempered",-1,0,0.163400520137,0.562022667492,0.274576812371
ecstatically,1,1,0.00536109619098,0.00612268184127,0.988516221968
careless,-1,-1,0.995061087732,0.00241323525175,0.00252567701581
various,0,1,0.102381448854,0.423231832764,0.474386718382
kitchen,0,0,0.00020114488048,0.984350951113,0.0154479040061
unsupportive,-1,-1,0.997520678522,0.000888076951761,0.00159124452599
valuable,1,1,0.00873205232618,0.0316598738374,0.959608073836
inexpert,-1,-1,0.955404469833,0.0169992358539,0.0275962943127
venomous,-1,-1,0.923692079902,0.00380434724104,0.0725035728571
beneficent,1,1,0.00706923558623,0.00362566011078,0.989305104303
villainously,-1,-1,0.765482191458,0.0721024976264,0.162415310915
wary,-1,-1,0.899692446409,0.0280737904471,0.0722337631436
amiss,-1,-1,0.864539441392,0.0381044212074,0.0973561374008
jelly,0,0,0.00396720987805,0.983239167927,0.0127936221951
appall,-1,-1,0.976250853008,0.00466041413298,0.0190887328593
advocate,1,1,0.0826497374167,0.332754649292,0.584595613292
main,0,0,0.158520878627,0.679171590521,0.162307530852
popular,1,1,0.00991295732561,0.0809550995167,0.909131943158
appreciative,1,1,4.48242229117e-05,0.00206000148409,0.997895174293
conch,0,0,0.000129221403232,0.987646421151,0.0122243574458
mercifully,1,-1,0.725539035117,0.0352893228543,0.239171642028
capable,1,1,0.00338209387615,0.010355581012,0.986262325112
pasta,0,0,6.14622160564e-06,0.997319105281,0.00267474849749
amicably,1,1,0.0378497711789,0.0952774795785,0.866872749243
mayo,0,0,0.00167250922846,0.991683052261,0.00664443851086
bustle,1,1,0.0063835455114,0.202971250923,0.790645203565
comfy,1,1,0.0173601128038,0.124272444687,0.858367442509
sardonic,-1,-1,0.582262119562,0.00970737129247,0.408030509146
horseradish,0,0,5.84477602813e-07,0.999215061462,0.000784354060256
peerless,1,1,0.000269277343002,0.00160814276874,0.998122579888
boredom,-1,-1,0.873467994598,0.0653714115494,0.0611605938528
unfriendly,-1,-1,0.99857749275,0.000340648087036,0.00108185916254
favourite,1,0,0.163400520137,0.562022667492,0.274576812371
modern,1,1,0.0380044609572,0.0865082539367,0.875487285106
dauntless,1,1,0.00676299494158,0.00228497949673,0.990952025562
fucker,-1,-1,0.729135607149,0.258718463978,0.0121459288734
sturgeon,0,0,9.681061244e-05,0.98929782901,0.0106053603778
charm,1,1,0.00772205930016,0.0437088473623,0.948569093338
forgettable,-1,-1,0.536962099349,0.00745543094865,0.455582469702
fabulously,1,1,0.0101868075837,0.0294614117744,0.960351780642
impecable,1,1,0.0433466102825,0.112289972128,0.84436341759
catcher,1,0,0.0426258939762,0.769465165047,0.187908940977
unimaginative,-1,-1,0.993567972341,0.00187879555321,0.00455323210602
trick,-1,0,0.251290110632,0.393744983744,0.354964905624
unprofessional,-1,-1,0.999318684119,0.000167814986414,0.000513500894599
satisfied,1,1,0.0143852789335,0.019566823294,0.966047897772
ingredient,0,0,0.000314861363023,0.980169927947,0.0195152106899
like,0,1,0.0901743713204,0.173566544066,0.736259084613
gaudy,-1,1,0.376414746408,0.0468988856146,0.576686367977
nifty,1,1,0.0110303363077,0.0618552276452,0.927114436047
apathy,-1,-1,0.992871096981,0.00527464297511,0.00185426004428
economical,1,1,0.0063449858683,0.0819023165661,0.911752697566
aspic,0,0,0.00997068469004,0.859792035872,0.130237279438
harsh,-1,-1,0.975255384882,0.00658581392421,0.0181588011933
scratchy,-1,-1,0.84334909778,0.0568534977698,0.0997974044503
cleverly,1,1,0.046289793605,0.0290953964369,0.924614809958
sandwich,0,0,1.01372383832e-05,0.997043633034,0.00294622972721
dismal,-1,-1,0.969741387158,0.00316695775217,0.0270916550894
review,0,0,0.122788856395,0.539781329367,0.337429814238
pietra,0,0,0.107058009112,0.615400811069,0.277541179819
quacamole,0,0,0.163400520137,0.562022667492,0.274576812371
disgust,-1,-1,0.990539527762,0.00655989479127,0.00290057744696
peaceful,1,1,0.00689457525708,0.0298712603107,0.963234164432
salmon,0,0,1.80894168853e-05,0.997342377813,0.00263953277016
woe,-1,-1,0.981867307302,0.00634672753182,0.0117859651661
gooseberry,0,0,0.000324364488339,0.979850297798,0.0198253377139
chowder,0,0,9.42343846651e-06,0.996635328012,0.00335524854917
painlessly,1,1,0.0744513861488,0.0257957619003,0.899752851951
ackward,-1,-1,0.557312735064,0.187816953892,0.254870311045
agreeably,1,1,0.0922348000619,0.0403483459491,0.867416853989
ameliorate,1,-1,0.606090050465,0.133868980276,0.260040969259
location,0,0,0.00511080284872,0.904717198298,0.0901719988536
befoul,-1,-1,0.931541665137,0.0389065999976,0.0295517348656
bouillon,0,0,1.81841654067e-05,0.995310783928,0.0046710319064
uncomfy,-1,-1,0.406230701703,0.295577543812,0.298191754486
bore,-1,-1,0.604496156598,0.300074451394,0.0954293920077
"maitre",0,0,0.163400520137,0.562022667492,0.274576812371
conspiratorial,-1,-1,0.984287855857,0.00471573189527,0.0109964122478
hominy,0,0,9.34021216456e-05,0.989590507343,0.0103160905356
impudent,-1,-1,0.878579549841,0.00613646981119,0.115283980348
torpor,-1,-1,0.874240318645,0.0370229390027,0.0887367423524
fascinate,1,1,0.00684573471768,0.00249121271582,0.990663052567
ricotta,0,0,8.19306268922e-06,0.996847083727,0.00314472321006
accommodative,1,1,0.0836735726965,0.0237833896369,0.892543037667
asparagus,0,0,7.46675227944e-06,0.996991995958,0.00300053728987
croissant,0,0,1.67672925391e-05,0.996215863607,0.00376736910018
venomously,-1,-1,0.950576728562,0.021382635522,0.0280406359159
hovel,0,-1,0.49281568738,0.435874341799,0.071309970821
spoil,-1,-1,0.723389327296,0.0716075699466,0.205003102758
insult,-1,-1,0.996515156538,0.00237910095827,0.00110574250363
impair,-1,-1,0.943765751196,0.0186757602622,0.0375584885421
liquor,0,0,0.00980412584216,0.984034902105,0.00616097205258
dismissive,-1,-1,0.983500660739,0.000967255428393,0.015532083833
coleslaw,0,0,1.78195462897e-06,0.99857695047,0.00142126757576
reject,-1,-1,0.898532092992,0.0679018291707,0.0335660778377
margarine,0,0,2.25364229802e-06,0.999159580325,0.000838166033099
pestilent,-1,-1,0.896689126529,0.0381434423796,0.0651674310918
eclectic,1,1,0.00319257527895,0.0588864861886,0.937920938532
sweet,1,1,0.0320071906025,0.317768987043,0.650223822354
felicitous,1,1,0.00366777885974,0.0138819683417,0.982450252799
deceitfully,-1,-1,0.948661561729,0.0192857567973,0.0320526814737
cloying,-1,-1,0.643552231919,0.0331483754556,0.323299392625
hostel,0,0,0.0863888931557,0.864160440433,0.049450666411
imposture,-1,-1,0.840824666206,0.0826395907813,0.0765357430132
flawless,1,1,0.000193677034066,0.00219474844379,0.997611574522
generously,1,1,0.00534679272322,0.0497083080931,0.944944899184
pleasurably,1,1,0.0458284299548,0.153265313257,0.800906256788
scenery,0,1,0.0050544620542,0.309232705218,0.685712832728
unappreciative,-1,-1,0.979632835972,0.000816797933999,0.0195503660943
lolly,0,0,0.0130184159609,0.977912286459,0.00906929758
downside,-1,-1,0.659236567489,0.213433631043,0.127329801468
felicitate,1,1,0.00466013185218,0.0432177706441,0.952122097504
candy,0,0,0.00481451825689,0.970397871066,0.024787610677
avocado,0,0,3.03625170015e-05,0.99408922238,0.00588041510276
beneficially,1,1,0.0563870337822,0.0481124913539,0.895500474864
coffee,0,0,5.74407527432e-05,0.991859233941,0.00808332530664
overcompensate,1,-1,0.977393484885,0.0117363909669,0.0108701241477
rabid,-1,-1,0.869473717448,0.0101720982002,0.120354184352
tire,-1,0,0.12125988968,0.862309510661,0.0164305996582
helpful,1,1,0.00908066003519,0.053564244749,0.937355095216
unimportant,-1,-1,0.983810218529,0.00513369275821,0.0110560887129
profitable,1,1,0.0205348842618,0.0875609774527,0.891904138285
gross,-1,-1,0.937227012395,0.0516825144113,0.011090473194
strudel,0,0,0.000155407777153,0.986240490584,0.0136041016392
deficiency,-1,-1,0.83311856107,0.0908093457606,0.0760720931692
unaccommodating,-1,-1,0.987283091293,0.00380893988798,0.00890796881875
awe,1,1,0.0031255994403,0.00747101783212,0.989403382728
cravenly,-1,-1,0.983742760126,0.00777921311886,0.00847802675535
moron,-1,-1,0.984215379073,0.0108767462554,0.00490787467192
inappropriate,-1,-1,0.981774695962,0.00369060776351,0.0145346962742
dessserts,0,0,0.163400520137,0.562022667492,0.274576812371
tamale,0,0,2.01693356631e-05,0.995078350059,0.00490148060499
"ill-used",-1,0,0.163400520137,0.562022667492,0.274576812371
importunate,-1,-1,0.648033588944,0.0208047953359,0.33116161572
tasty,1,1,0.000320889219866,0.407784970828,0.591894139952
disgustful,-1,0,0.163400520137,0.562022667492,0.274576812371
milkshake,0,0,3.41226046346e-05,0.994782923798,0.00518295359751
thin,0,1,0.254366562265,0.226201235703,0.519432202033
rude,-1,-1,0.999462485817,0.000364086146154,0.000173428036657
dismay,-1,-1,0.967909803739,0.0123660994974,0.0197240967636
happy,1,1,0.00157348210079,0.0122632804303,0.986163237469
satisfied,1,1,0.0143852789335,0.019566823294,0.966047897772
good,1,1,0.0070631243239,0.0393249002188,0.953611975457
positive,1,1,0.14855568838,0.0591519080863,0.792292403533
excellent,1,1,5.17116169546e-06,0.00278672778037,0.997208101058
flawless,1,1,0.000193677034066,0.00219474844379,0.997611574522
unimpaired,1,1,0.0691969315229,0.0139870660965,0.916816002381
unhappy,-1,-1,0.975237171962,0.00580319044301,0.0189596375948
unsatisfied,-1,-1,0.825386277665,0.0308216678384,0.143792054497
bad,-1,-1,0.988373699642,0.00842471280437,0.00320158755405
negative,-1,-1,0.962406866106,0.0200738463183,0.0175192875755
