word,Actual_Polarity,Calc_Polarity,NegativeSimilarity,NeutralSimilarity,PositiveSimilarity
outstand,1,1,0.135129353056,0.201857249202,0.663013397741
disgust,-1,-1,0.987568187523,0.00754423738964,0.00488757508766
lighting,0,0,0.0492249568457,0.725696144522,0.225078898633
substandard,-1,-1,0.99319531574,0.00476645772337,0.00203822653634
worthlessly,-1,0,0.261741577739,0.464507169447,0.273751252814
calumniously,-1,0,0.261741577739,0.464507169447,0.273751252814
devious,-1,-1,0.951964088706,0.00370975046636,0.044326160828
meatloaf,0,0,2.90298804432e-06,0.9982199793,0.00177711771185
hazelnut,0,0,1.52297621604e-06,0.99871228905,0.00128618797415
horrendously,-1,-1,0.982547945461,0.00768762776878,0.0097644267699
light,0,0,0.0849737103353,0.743630905475,0.17139538419
bother,-1,-1,0.959462060757,0.0244573974768,0.0160805417659
belligerently,-1,-1,0.988204340749,0.00121178064406,0.0105838786071
marzipan,0,0,0.00248071849726,0.976884640963,0.02063464054
practical,1,1,0.00953270407528,0.190260393971,0.800206901953
winningest,1,1,0.0167382863418,0.0851326840399,0.898129029618
extensive,1,1,0.00248404937041,0.137293457199,0.86022249343
wheat,0,0,8.50084688081e-06,0.997671150223,0.00232034893039
cobweb,0,0,0.227133198279,0.710011552312,0.0628552494093
basil,0,0,3.37607109093e-06,0.997990349506,0.00200627442258
squab,0,0,0.00170071160636,0.977337803467,0.0209614849262
altruistic,1,1,0.157303002051,0.00804002600448,0.834656971944
smutty,-1,-1,0.970016424886,0.00728832745814,0.022695247656
ribbon,0,0,0.00302971046068,0.970379758177,0.0265905313626
grubby,-1,-1,0.971314760045,0.0142516024372,0.014433637518
teapot,0,0,0.0107024634645,0.967425387242,0.0218721492932
train,1,0,0.0136615804744,0.684200707772,0.302137711754
insupportably,-1,0,0.261741577739,0.464507169447,0.273751252814
celery,0,0,1.65912905636e-06,0.998712159048,0.00128618182298
monstrously,-1,-1,0.909249879259,0.0239567807741,0.0667933399674
aggressive,-1,-1,0.905840961314,0.0151618640304,0.0789971746561
entertain,1,1,0.00675057260925,0.0593842468567,0.933865180534
disgust,-1,-1,0.987568187523,0.00754423738964,0.00488757508766
price,0,0,0.0591413380451,0.842733498241,0.0981251637135
kickass,-1,1,0.014642817779,0.0872460042343,0.898111177987
pan,0,0,0.0044359838761,0.970559966302,0.0250040498223
revere,1,1,0.0254689477261,0.00806495818138,0.966466094093
indecently,-1,0,0.564199055813,0.0219795522006,0.413821391987
accomodative,1,1,0.277249877597,0.0987319428978,0.624018179505
repressive,-1,-1,0.965961568195,0.00456997105932,0.0294684607452
illogic,-1,-1,0.976137922665,0.00954993298989,0.0143121443447
torpidity,-1,-1,0.731858859496,0.108075743589,0.160065396915
ridiculous,-1,-1,0.81845322286,0.0341227915261,0.147423985614
sicken,-1,-1,0.951486576465,0.0305634317007,0.0179499918341
transcendent,1,1,0.00301769483408,0.00167851143085,0.995303793735
acrid,-1,-1,0.843966117966,0.129112560111,0.0269213219231
grumpily,-1,-1,0.986505273141,0.00690503594325,0.00658969091597
enchant,1,1,0.000267007018807,0.00238993503467,0.997343057947
enchantingly,1,1,0.0110101996938,0.0409938660918,0.947995934214
saute,0,0,1.15479950701e-05,0.996305307678,0.00368314432662
cognac,0,0,0.0022713921611,0.980526076575,0.0172025312642
appalling,-1,-1,0.992410620336,0.000855848570972,0.00673353109308
insult,-1,-1,0.996260349965,0.00248790021248,0.00125174982217
appropriate,1,1,0.051906494522,0.102707628804,0.845385876674
walnut,0,0,4.64783439044e-06,0.997635624788,0.00235972737752
apprehensively,-1,0,0.555321240004,0.111994521638,0.332684238358
handsomely,1,1,0.0160881857154,0.0076177490794,0.976294065205
peppy,1,1,0.004095518305,0.00663332049296,0.989271161202
derogatory,-1,-1,0.990307823419,0.00726410004987,0.00242807653115
kiwi,0,0,0.0011572509254,0.960702963136,0.0381397859386
scornfully,-1,-1,0.991714921066,0.00180768866349,0.00647739027041
gelatin,0,0,3.45866392492e-05,0.993869688546,0.00609572481431
rotten,-1,-1,0.940739780877,0.0533028746409,0.0059573444822
harshly,-1,-1,0.996716548119,0.000558883174958,0.00272456870585
roll,0,0,0.0717972368239,0.809680469347,0.118522293829
abrupt,-1,-1,0.97381952702,0.0106420202839,0.0155384526961
talented,1,1,0.000602073210085,0.00545349706119,0.993944429729
huge,0,1,0.0303568492049,0.351335715517,0.618307435279
heavenly,1,1,0.00122123479407,0.0507650307616,0.948013734444
rapture,1,1,0.217231384415,0.0304138458989,0.752354769686
regrettable,-1,-1,0.907195803588,0.0078669148122,0.0849372815996
meal,0,0,2.05839256629e-05,0.995000076775,0.00497933929967
mess,-1,-1,0.954140748698,0.0391492327726,0.00671001852975
clam,0,0,0.00945775349354,0.986014639967,0.00452760653911
slowwww,-1,0,0.261741577739,0.464507169447,0.273751252814
request,0,0,0.00870438110442,0.771532408076,0.21976321082
thankful,1,1,0.0047471078585,0.0407655841239,0.954487308018
delectation,1,1,0.0911952270168,0.132105628746,0.776699144237
awesomely,1,1,0.0748834460128,0.0449063854744,0.880210168513
beauty,1,1,0.00154440174006,0.117383350293,0.881072247967
majestic,1,1,0.000633015231341,0.00655586504023,0.992811119728
exquisite,1,1,5.84411326495e-05,0.0100079843663,0.989933574501
entire,0,0,0.223933480504,0.418909660973,0.357156858523
hartshorn,0,0,0.261741577739,0.464507169447,0.273751252814
valiant,1,1,0.0896887597338,0.00553794372803,0.904773296538
magnificent,1,1,8.38828944147e-06,0.00218630746355,0.997805304247
ration,0,0,0.00551655015736,0.914112591583,0.0803708582596
seedy,-1,-1,0.845784686361,0.0993405661428,0.0548747474963
guava,0,0,3.08692293335e-05,0.993844323088,0.00612480768256
joyfully,1,1,0.0159332512337,0.0106835564295,0.973383192337
marinara,0,0,9.72096878207e-06,0.996671515642,0.00331876338914
disastrously,-1,-1,0.987074272974,0.00428405463635,0.00864167238957
overcharge,-1,-1,0.921672065429,0.0602457283893,0.0180822061816
disgraceful,-1,-1,0.997955559236,0.000416843197492,0.0016275975667
atrocious,-1,-1,0.985607238706,0.000751126645706,0.0136416346483
maliciously,-1,-1,0.985470161102,0.0068384686778,0.00769137022035
sloooow,-1,-1,0.578428365687,0.197517379414,0.224054254899
uncivil,-1,-1,0.997935552093,0.000423505717406,0.00164094218929
burger,0,0,2.08682719044e-06,0.999403233293,0.000594679879878
spirited,1,1,0.0126274886806,0.00444936152996,0.982923149789
tremendous,1,1,0.000153038955274,0.0165138315276,0.983333129517
nauseate,-1,-1,0.949444922634,0.0174662038477,0.0330888735185
trashy,-1,-1,0.969333774473,0.0115643789527,0.0191018465742
spurious,-1,-1,0.966517289543,0.0228649773183,0.0106177331383
servant,0,1,0.207667882227,0.245029266976,0.547302850797
compliment,1,1,0.0154678893279,0.0734771871136,0.911054923558
malevolently,-1,-1,0.955017340333,0.0187573742263,0.026225285441
regrettably,-1,-1,0.959105256518,0.015700326178,0.0251944173037
"high_quality",1,0,0.261741577739,0.464507169447,0.273751252814
macaroon,0,0,0.00248583181126,0.991513778047,0.00600039014199
bitch,-1,0,0.485451849627,0.332902368582,0.181645781791
blissful,1,1,0.00446538047969,0.0105335074602,0.98500111206
unusable,-1,-1,0.95034854152,0.0368013932861,0.0128500651936
abundant,1,1,0.000492032152398,0.0275504306076,0.97195753724
wholesome,1,1,0.00457418419998,0.0503340609537,0.945091754846
hall,0,0,0.057698364623,0.871522940812,0.070778694565
complacent,-1,-1,0.971258551686,0.00484595593902,0.023895492375
delivery,0,0,0.093006491176,0.726334787329,0.180658721495
passivity,-1,-1,0.983228079716,0.00347061822628,0.0133013020573
harmful,-1,-1,0.971354031522,0.0108621573728,0.0177838111057
delectable,1,1,0.000415167167623,0.142084254631,0.857500578201
valiantly,1,1,0.159748223333,0.0128665292526,0.827385247415
section,0,0,0.57268214298,0.410270918557,0.0170469384625
confusing,-1,-1,0.923891628079,0.0453144649965,0.0307939069247
talent,1,1,0.0414131595769,0.0912792637677,0.867307576655
enthusiastically,1,1,0.00251773947996,0.0149598285938,0.982522431926
smugly,-1,-1,0.913221919959,0.00707263404133,0.0797054459994
glad,1,1,0.0106264242478,0.094111322611,0.895262253141
pickle,0,0,0.00316004818619,0.97931364928,0.0175263025336
ladyfinger,0,0,0.00409380226681,0.985864471237,0.0100417264965
grandioso,1,0,0.261741577739,0.464507169447,0.273751252814
pomegranate,0,0,2.1491735559e-05,0.995049817501,0.00492869076381
corner,0,0,0.290852611683,0.569288233548,0.139859154769
merit,1,0,0.160257305453,0.299726106698,0.540016587849
stupidly,-1,-1,0.617950678238,0.0547014825692,0.327347839193
basic,0,0,0.0628577252239,0.512375477591,0.424766797185
disrespectfully,-1,-1,0.994584896309,0.00306982830754,0.00234527538394
caviar,0,0,1.83921417388e-05,0.995273711449,0.00470789640944
poor,-1,-1,0.997994494233,0.00118565552182,0.000819850245062
lemon,0,0,0.00377046147109,0.992139156859,0.00409038167011
"ill-favored",-1,0,0.261741577739,0.464507169447,0.273751252814
option,0,0,0.145841313698,0.70122240319,0.152936283111
cabernet,0,0,0.000265902829433,0.981535909564,0.0181981876062
legume,0,0,0.00311245966041,0.986998096979,0.00988944336036
acceptable,1,-1,0.738889104619,0.0503641800771,0.210746715304
virtuously,1,1,0.218102259832,0.0476312286661,0.734266511502
curry,0,0,4.01388367437e-06,0.997871374071,0.0021246120455
trust,1,1,0.186125648111,0.270120343486,0.543754008403
snob,0,0,0.342625934873,0.311270141298,0.34610392383
caper,0,-1,0.650847556741,0.314298024874,0.0348544183855
hoodwink,-1,-1,0.973630881497,0.00626422755054,0.020104890952
grit,0,1,0.0313204648744,0.214649765956,0.75402976917
subpar,-1,-1,0.987491112836,0.00150995321359,0.0109989339501
damn,-1,0,0.452208453881,0.162794699437,0.384996846682
rile,-1,-1,0.974793758063,0.00741727101676,0.0177889709198
wrap,0,0,0.0124042537656,0.730680565615,0.256915180619
caraway,0,0,0.00119168725368,0.982352275319,0.0164560374278
order,0,0,0.101043022019,0.772279874248,0.126677103733
frustrate,-1,-1,0.953427470586,0.00457062759837,0.042001901816
imaginative,1,1,0.00210610008756,0.00519489121339,0.992699008699
ineloquently,-1,0,0.261741577739,0.464507169447,0.273751252814
fuss,-1,-1,0.93950755384,0.0350932873874,0.0253991587722
stupidity,-1,-1,0.995745220359,0.00211636417298,0.00213841546786
pastry,0,0,4.80639205406e-07,0.999250028609,0.000749490751954
overpay,0,-1,0.710844727589,0.133735717077,0.155419555334
wedding,0,0,0.00212771670326,0.951305271813,0.0465670114834
festive,1,0,0.0187780367627,0.500504816703,0.480717146534
terrace,0,0,0.00178190564182,0.94395144543,0.0542666489286
agave,0,0,6.7907384645e-06,0.997150638535,0.00284257072649
riveting,1,1,0.029770492241,0.00364782948229,0.966581678277
alarm,-1,0,0.348715287274,0.539068448986,0.11221626374
scene,0,0,0.0350924924833,0.736503430055,0.228404077461
inhospitable,-1,-1,0.847573455255,0.008195910097,0.144230634648
unhappiness,-1,-1,0.981072859269,0.00497456838736,0.013952572344
flower,0,0,0.000622681187912,0.97133451339,0.0280428054217
nark,1,-1,0.890864500838,0.0919831603855,0.0171523387769
enjoyable,1,1,1.1411138231e-05,0.00180651763163,0.99818207123
toffee,0,0,9.82770061175e-05,0.988999138496,0.0109025844976
skewer,0,0,0.0598536293093,0.8473026869,0.0928436837903
wondrous,1,1,0.0022298030649,0.00340752163238,0.994362675303
gourmet,1,0,0.000606163660844,0.971567684894,0.0278261514453
worry,-1,-1,0.674008398039,0.231823580898,0.0941680210635
haddock,0,0,4.90060850102e-06,0.997650662321,0.00234443707001
bemuse,-1,0,0.566023151987,0.0201675502583,0.413809297755
"ill-natured",-1,0,0.261741577739,0.464507169447,0.273751252814
caffe,0,0,0.000599493838016,0.97202653541,0.0273739707515
inedible,-1,0,0.617975094961,0.368039374386,0.0139855306537
fry,0,0,0.00279852190025,0.987519805653,0.00968167244684
adverse,-1,0,0.411057735828,0.201297139009,0.387645125163
appetizer,0,0,3.27962946281e-05,0.993863188246,0.00610401545905
tender,1,0,0.00545705839692,0.5018729365,0.492670005103
sickly,-1,-1,0.934437579733,0.0328616123941,0.0327008078726
pear,0,0,2.33059398905e-06,0.998872572047,0.00112509735923
betray,-1,-1,0.97185158935,0.00551199115419,0.0226364194955
atmoshere,0,0,0.261741577739,0.464507169447,0.273751252814
affectionate,1,1,0.0115508239443,0.00253895178372,0.985910224272
annoy,-1,-1,0.747560854708,0.0464514894816,0.205987655811
succotash,0,0,0.00235686267828,0.974987134731,0.0226560025911
tinny,-1,-1,0.86605539563,0.0747051418656,0.059239462504
deplore,-1,-1,0.986188860724,0.00428252518987,0.00952861408635
cantaloupe,0,0,1.46335228521e-06,0.99871739875,0.00128113789734
kabob,0,0,1.41499021446e-05,0.995848857931,0.00413699216654
boring,-1,-1,0.990645036546,0.00245002801043,0.00690493544357
feeble,-1,-1,0.985938927989,0.00178468506411,0.0122763869466
crude,-1,0,0.468781202063,0.447695125025,0.0835236729115
lobster,0,0,3.32965347845e-06,0.99808324047,0.0019134298763
wild_rice,0,0,0.261741577739,0.464507169447,0.273751252814
desk,0,0,0.0523077507958,0.893091327964,0.0546009212407
frontman,0,-1,0.574458563234,0.171076539587,0.25446489718
enticing,1,1,0.00286627465571,0.0212689934974,0.975864731847
authentic,1,1,0.000733047871791,0.0698689591454,0.929397992983
overrate,-1,-1,0.913492953405,0.00831340981597,0.0781936367789
dirty,0,-1,0.906561981485,0.0602625813213,0.0331754371937
cucumber,0,0,2.60743029148e-05,0.994375461691,0.00559846400581
gloriously,1,1,0.0764516868944,0.00886001141501,0.914688301691
terrible,-1,-1,0.99353203766,0.00183324124457,0.00463472109553
affordably,1,1,0.00319040917456,0.0848057725734,0.912003818252
harassment,-1,-1,0.948291490891,0.0416753026001,0.0100332065092
melt,1,0,0.130581432606,0.709393437763,0.160025129631
heartily,1,1,0.0125747688711,0.0551875376402,0.932237693489
overzealous,-1,-1,0.992587493477,0.00465382020549,0.00275868631743
heavy-handed,-1,0,0.261741577739,0.464507169447,0.273751252814
gluten,0,0,7.00159374175e-05,0.991000048407,0.00892993565537
heartless,-1,-1,0.996202622063,0.000612588395277,0.00318478954124
endear,1,1,0.321574762312,0.00424504269924,0.674180194989
slanderous,-1,-1,0.994239050231,0.00320663261448,0.00255431715433
comfort,0,1,0.00512480544874,0.11074010325,0.884135091302
syrah,0,0,0.000114644963742,0.988041424718,0.0118439303184
montparnasse,0,0,0.261741577739,0.464507169447,0.273751252814
gracefully,1,1,0.00421481963625,0.00294053440004,0.992844645964
nasty,-1,-1,0.987628575452,0.00707384684631,0.00529757770175
hysterically,-1,-1,0.984912105671,0.00260160390292,0.0124862904264
pudding,0,0,1.70169421754e-05,0.995665682388,0.00431730067022
motel,0,0,0.00975384066967,0.969831684043,0.0204144752872
veggies,0,0,3.06867768805e-05,0.993854944998,0.00611436822547
antipasto,0,0,8.80584702114e-06,0.996737398248,0.00325379590491
torpiness,-1,0,0.261741577739,0.464507169447,0.273751252814
treacherously,-1,-1,0.89463119324,0.0277945601659,0.0775742465939
food,0,0,0.00361984670556,0.990458593924,0.00592155937007
smooth,1,1,0.00286554341797,0.0295354494314,0.967599007151
pack,-1,0,0.0289343479421,0.703997462321,0.267068189737
torturous,-1,-1,0.941738386824,0.00664419739341,0.0516174157827
blameless,1,-1,0.97616485774,0.00148760809159,0.0223475341684
busboy,0,0,0.0162420218474,0.948548457456,0.0352095206961
fromager,0,0,0.0793000685592,0.580791742464,0.339908188976
annihilate,-1,-1,0.869172389199,0.0127718121952,0.118055798606
success,1,1,0.0119033660894,0.0818479501574,0.906248683753
balsamic,0,0,3.45259367035e-06,0.997977704478,0.00201884292826
bean,0,0,0.00367369002448,0.99495325133,0.0013730586452
doughnut,0,0,0.0684121193555,0.585947091563,0.345640789082
uncompetitive,-1,-1,0.986499563014,0.00632621715518,0.00717421983048
next,0,0,0.0365671891704,0.70494991869,0.258482892139
dark,0,0,0.200552152596,0.310784413673,0.488663433731
awe,1,1,0.0110920934808,0.00566166292629,0.983246243593
piteous,-1,-1,0.978342709231,0.00342757091109,0.0182297198578
hilarious,1,1,0.0355118460601,0.0142980299501,0.95019012399
outperformance,1,1,0.059721221163,0.197895647702,0.742383131135
arrogant,-1,-1,0.988636056023,0.000827255577678,0.0105366883992
thai,0,0,0.0570567940311,0.850593716643,0.0923494893255
attractively,1,1,0.00187781108701,0.0395687767146,0.958553412198
"%c%c*bread",0,0,0.261741577739,0.464507169447,0.273751252814
sarcastically,-1,-1,0.944465701464,0.026620111944,0.0289141865922
present,0,0,0.0541263884408,0.471815958194,0.474057653365
joint,0,0,0.169069779422,0.691601935761,0.139328284817
alcohol,0,0,0.00623402014791,0.961695706727,0.0320702731249
discontented,-1,-1,0.959607357981,0.00657594741278,0.033816694606
sparerib,0,0,0.261741577739,0.464507169447,0.273751252814
appallingly,-1,-1,0.993150767344,0.00111198706103,0.00573724559498
staid,-1,1,0.32214838806,0.0209605531347,0.656891058806
shrimp,0,0,7.84445573961e-07,0.999483362134,0.000515853420017
throw,-1,0,0.460244175973,0.474540243159,0.065215580868
waitstaffs,0,0,0.138862060601,0.496749739447,0.364388199952
costly,0,-1,0.933952501267,0.0229359215057,0.0431115772277
ashamed,-1,-1,0.903485039891,0.00989615732176,0.0866188027875
quarrelsome,-1,-1,0.972781927863,0.0059968072352,0.0212212649015
mussles,0,0,0.00627671134889,0.971370923251,0.0223523654003
ingeniously,1,1,0.0428341012473,0.0317654268985,0.925400471854
brutally,-1,-1,0.890474630563,0.0200048219421,0.0895205474944
disgust,-1,-1,0.987568187523,0.00754423738964,0.00488757508766
unprofitable,-1,-1,0.833999745259,0.053798899616,0.112201355125
nectar,0,0,0.000333845771256,0.9448175407,0.0548486135291
calumnious,-1,-1,0.97238017032,0.0127195143387,0.014900315341
simple,0,1,0.0175002481984,0.117916295089,0.864583456713
defamatory,-1,-1,0.978603347078,0.00735037604703,0.0140462768753
run-down,-1,0,0.261741577739,0.464507169447,0.273751252814
bounteous,1,1,0.00419538502338,0.0185830538171,0.97722156116
dishonorablely,-1,0,0.261741577739,0.464507169447,0.273751252814
flounder,0,0,0.124486993074,0.821232295363,0.0542807115623
mousse,0,0,1.83847192569e-05,0.995310089376,0.00467152590479
ramshackle,-1,-1,0.727461046122,0.110825618258,0.16171333562
quaint,1,1,0.0272904025737,0.195460751806,0.77724884562
top_notch,1,0,0.261741577739,0.464507169447,0.273751252814
sweetness,1,1,0.00132313938279,0.35294211258,0.645734748037
crowd,-1,0,0.144829744719,0.390214709743,0.464955545538
ignorance,-1,-1,0.989176623594,0.00585453459792,0.00496884180762
ramp,0,0,0.102000462963,0.62486293785,0.273136599187
overprice,-1,-1,0.960761107066,0.0285846601538,0.01065423278
tiresome,-1,-1,0.98448090128,0.00166987678482,0.0138492219349
must,1,1,0.020267488285,0.308753404206,0.670979107509
occasion,0,1,0.0024618853944,0.13662296189,0.860915152715
scant,-1,-1,0.923327636491,0.0394205813363,0.0372517821722
snobish,-1,0,0.261741577739,0.464507169447,0.273751252814
beat,-1,1,0.00453307351282,0.134859489378,0.860607437109
stellar,1,1,0.00408172847474,0.00565667171822,0.990261599807
impressively,1,1,0.000129402857423,0.00293125302951,0.996939344113
disparage,-1,-1,0.967528191743,0.00548998633503,0.0269818219222
heaviness,-1,-1,0.641385584573,0.187513975381,0.171100440045
borscht,0,0,0.00135929749451,0.990876677552,0.0077640249539
view,0,0,0.0277619207441,0.512579534965,0.459658544291
dreck,-1,-1,0.977454433516,0.00697159171778,0.0155739747657
admiration,1,1,0.00762559535645,0.00446604596824,0.987908358675
belittle,-1,-1,0.988913970541,0.0031490693385,0.00793696012031
cram,-1,0,0.182575657447,0.402441562948,0.414982779605
collard,0,0,2.10966200366e-05,0.995077265522,0.00490163785775
pecan,0,0,1.48923634703e-06,0.998681715086,0.00131679567745
masterful,1,1,0.00169516787592,0.00059792301292,0.997706909111
great,0,1,0.000173980052595,0.017547216796,0.982278803151
cook,0,0,0.00231844248928,0.991280730311,0.00640082719922
souffle,0,0,0.00047491238582,0.975189012355,0.0243360752589
high-spirited,1,0,0.261741577739,0.464507169447,0.273751252814
beautiful,1,1,0.000369889405553,0.0245955714269,0.975034539168
surpass,1,1,0.0167758219013,0.0261254845767,0.957098693522
chick,0,0,0.0857190846655,0.853202720126,0.0610781952086
refresh,1,1,0.0435062576374,0.279243544897,0.677250197466
water,0,0,0.063205204386,0.915755794175,0.0210390014385
stuffy,-1,0,0.444887085893,0.184266681042,0.370846233065
dextrous,1,1,0.00958151831788,0.00510034523554,0.985318136447
uninteresting,-1,-1,0.9503367931,0.00999813591152,0.0396650709885
swordfish,0,0,1.84087124879e-05,0.995349141839,0.00463244944838
endear,1,1,0.321574762312,0.00424504269924,0.674180194989
cheerless,-1,-1,0.960733235662,0.00684194964128,0.0324248146966
dreadful,-1,-1,0.88130908292,0.00733097751628,0.111359939564
accomodating,1,1,0.0110950224836,0.076090000418,0.912814977098
healthy,1,1,0.000944228233012,0.0445994782934,0.954456293474
feebleminded,-1,-1,0.975006872174,0.014877502358,0.0101156254682
elegant,1,1,5.12241137491e-05,0.00971751512381,0.990231260762
presumptuously,-1,-1,0.851981371656,0.0208344517306,0.127184176613
slanderously,-1,-1,0.889612043099,0.0724418593313,0.0379460975699
granola,0,0,0.000189432856518,0.984572311436,0.0152382557072
anchovy,0,0,0.00119159463677,0.994431796504,0.00437660885883
true,0,1,0.136631507838,0.1413232509,0.722045241262
kohlrabi,0,0,0.000954731054784,0.992287590658,0.00675767828748
dolt,-1,-1,0.979002378373,0.00967308908943,0.0113245325378
guiness,0,0,0.0136548785513,0.797990112186,0.188355009262
perverse,-1,-1,0.979955989828,0.00231667073566,0.0177273394364
woeful,-1,-1,0.967936671288,0.00244901676349,0.0296143119487
citronella,0,0,0.00742496828622,0.972981922146,0.0195931095675
humourous,1,1,0.156431684773,0.0285014794347,0.815066835792
kringle,0,0,0.000141021214921,0.987258564583,0.0126004142021
sneakily,-1,-1,0.922833573228,0.0270460604991,0.0501203662731
ineffectively,-1,-1,0.99268177882,0.0019478747568,0.0053703464227
scrumptious,1,0,0.000353140525352,0.463199645062,0.536447214412
idiot,-1,-1,0.884388466539,0.0563746465879,0.0592368868729
stylish,1,1,9.65893731343e-05,0.0119200467741,0.987983363853
ominously,-1,-1,0.968366354398,0.00845170856085,0.023181937041
patty,0,0,9.90713836698e-07,0.999514631148,0.000484378138244
kingfish,0,0,3.86707669955e-05,0.99408556418,0.00587576505307
irreproachable,1,1,0.00853877575355,0.0017683145803,0.989692909666
greatness,1,1,0.000716002019443,0.00381367472714,0.995470323253
nightmarish,-1,-1,0.95886632141,0.00484051093802,0.036293167652
vulgar,-1,-1,0.987489004502,0.00237814967681,0.0101328458215
fish,0,0,0.00309039330747,0.992215954798,0.00469365189445
chutney,0,0,7.56756079631e-06,0.996974073355,0.00301835908425
negligent,-1,-1,0.967382658868,0.00817337591103,0.0244439652207
selection,0,0,0.00760986299748,0.568688797125,0.423701339878
artwork,0,0,0.00321936050537,0.840731210065,0.15604942943
menu,0,0,8.79142714747e-05,0.989541070217,0.0103710155116
plague,-1,-1,0.855811713062,0.0870621196276,0.05712616731
listlessness,-1,-1,0.962592270724,0.0210803463363,0.0163273829396
judicious,1,1,0.0193813850978,0.0191546216059,0.961463993296
hostess,0,0,0.0519807850019,0.804286592919,0.143732622079
guiltily,-1,-1,0.874755286129,0.0618946834973,0.0633500303736
hash,0,0,0.00618627827513,0.969188629014,0.0246250927109
friend,0,0,0.0884368708998,0.738540549483,0.173022579617
credulous,-1,-1,0.981142510524,0.00257740379703,0.0162800856787
overlook,-1,-1,0.883709258909,0.0435201679774,0.0727705731139
hideously,-1,-1,0.98736973283,0.00666896997183,0.00596129719857
unforgetable,1,1,0.0151239453538,0.0501081586786,0.934767895968
excellant,1,1,0.0288331447774,0.11266573394,0.858501121283
strange,-1,-1,0.740109757738,0.0351712200496,0.224719022212
sickeningly,-1,-1,0.968077872305,0.00827706280899,0.0236450648855
place,0,0,0.0658882382094,0.818886216388,0.115225545403
mincemeat,0,0,0.312526263212,0.353750399927,0.333723336861
straw,0,0,0.115994761985,0.850940140894,0.0330650971214
improvement,1,1,0.019447821009,0.21490221458,0.765649964411
deceive,-1,-1,0.979375770342,0.00545029216337,0.0151739374947
appal,-1,-1,0.893671482922,0.00950686034151,0.0968216567369
dastardly,-1,-1,0.950286528833,0.00597710736044,0.0437363638063
devour,1,0,0.0845652182224,0.334615328572,0.580819453205
"ill-fated",-1,0,0.261741577739,0.464507169447,0.273751252814
nastily,-1,-1,0.94121926796,0.0408323535793,0.017948378461
acerbically,-1,-1,0.879483210235,0.017246098636,0.103270691129
martini,0,0,3.10802326955e-05,0.993839596355,0.00612932341224
malicious,-1,-1,0.96669119519,0.0116119347025,0.0216968701077
flavor,0,0,0.000378666537316,0.97807333502,0.0215479984429
granite,0,0,0.00051677036438,0.973891901968,0.0255913276681
friendly,1,1,0.00324993787541,0.0600884087296,0.936661653395
morel,0,0,3.68867577638e-05,0.993898723653,0.00606438958889
fearful,-1,-1,0.990635870007,0.00492254254229,0.00444158745115
admirably,1,1,6.40751942273e-06,3.37618541708e-06,0.999990216295
infamously,-1,-1,0.982981231303,0.0104576197479,0.00656114894876
delight,1,1,0.0104710530589,0.0132367016424,0.976292245299
cocoa,0,0,0.00476890222833,0.989577820456,0.00565327731593
aesthetics,0,1,0.0138809099177,0.354158735768,0.631960354314
humorless,-1,-1,0.996168418605,0.000520248730839,0.00331133266392
classy,1,1,0.00176466576025,0.00776350757601,0.990471826664
sommelier,0,0,0.000450369935332,0.93031467548,0.0692349545842
counter,0,0,0.165180920997,0.7302847412,0.104534337802
showeroom,0,0,0.261741577739,0.464507169447,0.273751252814
sinister,-1,-1,0.986623700018,0.00313837098373,0.0102379289981
joyously,1,1,0.0175737269784,0.00737111121245,0.975055161809
excel,1,1,0.00386069125789,0.0134326742743,0.982706634468
pea,0,0,0.012260321971,0.982555221796,0.00518445623294
badly,-1,-1,0.965170699095,0.0192092301451,0.0156200707596
stupendously,1,1,0.339926425292,0.0183890010019,0.641684573706
dollar,0,0,0.0852514065606,0.818879929327,0.0958686641121
stylishly,1,1,0.00149300827463,0.0160845179116,0.982422473814
obscenely,-1,-1,0.947897473703,0.0106427661909,0.0414597601064
irk,-1,-1,0.98535227427,0.00115530277154,0.0134924229584
sumptuous,1,1,0.00161398731204,0.0632672083741,0.935118804314
inability,-1,-1,0.938585370966,0.0409410757002,0.0204735533341
roofdeck,0,0,0.0396548412275,0.789399104071,0.170946054702
bulky,-1,-1,0.72394136501,0.111022341025,0.165036293964
raging,-1,-1,0.777305808368,0.13259104983,0.0901031418013
misbegotten,-1,-1,0.989331368962,0.0044117424016,0.00625688863601
transcend,1,1,0.0273902556119,0.00396463951001,0.968645104878
luminary,1,1,0.0345408395536,0.161185998545,0.804273161902
junk,-1,0,0.509582507928,0.470452503703,0.0199649883687
"so-so",-1,0,0.261741577739,0.464507169447,0.273751252814
surround,0,1,0.0474509502288,0.278720857988,0.673828191783
deliver,0,1,0.0100436480087,0.124828468125,0.865127883866
unwatchable,-1,-1,0.982036860308,0.00158269847,0.0163804412216
loveable,1,1,0.0338715741421,0.00901320543067,0.957115220427
soda,0,0,0.00186476645132,0.993036809808,0.00509842374083
successfully,1,1,0.0129486773746,0.0851422775291,0.901909045096
enchant,1,1,0.000267007018807,0.00238993503467,0.997343057947
bungle,-1,-1,0.976350763128,0.020941074242,0.00270816262966
unpalatable,-1,-1,0.956531664185,0.0201786639671,0.0232896718483
indifferent,-1,-1,0.986876256075,0.00160824968661,0.0115154942386
yellowtail,0,0,3.19551766978e-05,0.993845270868,0.00612277395491
resort,0,0,0.0759618504169,0.860856070652,0.0631820789309
nefariously,-1,-1,0.977778093282,0.011870611938,0.0103512947797
patio,0,0,0.000149072481298,0.986395361674,0.0134555658445
adroit,1,1,0.0129596194603,0.00109125218601,0.985949128354
dependable,1,1,4.64894334065e-05,0.00574356272956,0.994209947837
spice,0,0,0.000988903147032,0.945406671183,0.0536044256695
despondently,-1,-1,0.843527262845,0.076679748371,0.0797929887836
bluefish,0,0,0.00206131202271,0.992198606548,0.00574008142912
nuisance,-1,-1,0.966329636572,0.0254286454456,0.00824171798187
cappuccino,0,0,3.64308474393e-05,0.993913306272,0.00605026288019
own,0,1,0.120624540989,0.241510351706,0.637865107305
honesty,1,1,0.0130084144586,0.0357409357004,0.951250649841
quality,0,1,0.0251763768867,0.259193941267,0.715629681847
blissfully,1,1,0.19082257965,0.0140364632061,0.795140957144
staunch,1,1,0.177212503854,0.037142981483,0.785644514663
sangria,0,0,1.94468424295e-05,0.99512053753,0.00486001562765
okra,0,0,2.14208564661e-05,0.994998994844,0.00497958429914
cocktail,0,0,0.00233392884467,0.989442174401,0.00822389675388
maladjusted,-1,-1,0.991564284205,0.00134245979218,0.00709325600277
wayward,-1,-1,0.930965720351,0.0104851025169,0.058549177132
prosperous,1,1,0.00447715705322,0.026805737393,0.968717105554
zwieback,0,0,0.261741577739,0.464507169447,0.273751252814
cruelly,-1,-1,0.963552090143,0.0030351590006,0.0334127508567
trustworthy,1,1,0.014291339656,0.00793260080214,0.977776059542
decent,0,1,0.0351415568048,0.0252542041653,0.93960423903
disappointingly,-1,0,0.509624040559,0.0291885105603,0.461187448881
pics,0,0,0.136170613916,0.699754734593,0.16407465149
breathtaking,1,1,0.000362844054058,0.00370044400221,0.995936711944
despairing,-1,-1,0.949464124572,0.00305846821825,0.0474774072097
mango,0,0,1.04171950879e-05,0.996451526789,0.00353805601593
adoringly,1,1,0.090557010915,0.0269182726007,0.882524716484
tortilla,0,0,5.54926811202e-07,0.999382466404,0.000616978669071
asinine,-1,-1,0.992834953022,0.00206151377866,0.00510353319891
irresponsible,-1,-1,0.996893356895,0.000967332216906,0.00213931088762
detrimental,-1,-1,0.972948223025,0.00746879332443,0.0195829836506
candle,0,0,0.000439627637134,0.976011417216,0.0235489551467
enthrall,1,1,0.000636245556627,0.00168178726407,0.997681967179
spumoni,0,0,0.000632821558425,0.953338051149,0.0460291272926
abalone,0,0,2.39718291614e-06,0.998621725816,0.00137587700119
angelic,1,1,0.0275710685622,0.00562469285855,0.966804238579
fresh,0,0,0.00149769041609,0.555820733097,0.442681576487
fondue,0,0,2.91366725841e-06,0.998129695419,0.00186739091408
just,0,0,0.338261325314,0.55208612242,0.109652552266
coke,0,0,0.00550484817146,0.98372513021,0.0107700216188
inequitably,-1,-1,0.962482691161,0.0214741693733,0.0160431394654
brownie,0,0,0.00533276018087,0.970445141928,0.0242220978907
avariciously,-1,0,0.333772737149,0.316127470897,0.350099791953
reliable,1,1,0.000235036944766,0.0170886453491,0.982676317706
hostile,-1,-1,0.992967374274,0.00193619302166,0.00509643270396
music,0,0,0.0200339512481,0.651726297812,0.32823975094
diverse,0,1,0.000131397889126,0.0147908090164,0.985077793094
turnip,0,0,0.0281774430409,0.968993369154,0.00282918780491
felony,-1,0,0.52977983039,0.343954790978,0.126265378632
trendi,1,0,0.261741577739,0.464507169447,0.273751252814
trout,0,0,3.50317617214e-05,0.993715862434,0.0062491058047
cataclysmically,-1,-1,0.908562609306,0.0399191694828,0.0515182212116
insufferably,-1,-1,0.977901860981,0.00195803130919,0.0201401077094
fillet,0,0,4.91071604405e-06,0.997773347076,0.00222174220784
meaningless,-1,-1,0.986401080055,0.00346651977144,0.0101324001735
fudge,0,0,0.0335932513692,0.961996516238,0.00441023239282
return,0,0,0.18757021644,0.393785667155,0.418644116405
jealous,-1,0,0.583286451127,0.0468470864983,0.369866462375
repugnant,-1,-1,0.990844559638,0.00116490951593,0.00799053084627
decoration,0,0,0.0030124989429,0.953447719588,0.043539781469
bouillabaisse,0,0,7.42309643141e-05,0.990468509969,0.00945725906663
"ill-tempered",-1,0,0.261741577739,0.464507169447,0.273751252814
ecstatically,1,1,0.0160403894867,0.00438996121265,0.979569649301
careless,-1,-1,0.994039979572,0.00225071555253,0.00370930487508
various,0,0,0.0503702779252,0.459772011625,0.48985771045
kitchen,0,0,0.00161206937331,0.990543406682,0.00784452394511
unsupportive,-1,-1,0.996304959339,0.00107995504849,0.00261508561205
valuable,1,1,0.0809936595319,0.0405461617223,0.878460178746
inexpert,-1,-1,0.948559088735,0.0196917928192,0.0317491184459
venomous,-1,-1,0.946483488545,0.00249516422672,0.0510213472282
beneficent,1,1,0.0179934849841,0.00340126946714,0.978605245549
villainously,-1,-1,0.821777848977,0.048976856834,0.129245294189
wary,-1,0,0.430173053725,0.0619305775211,0.507896368754
amiss,-1,-1,0.844683031166,0.0440556038266,0.111261365008
jelly,0,0,0.000183750602243,0.984937114498,0.0148791348995
appall,-1,-1,0.973497956877,0.004343622543,0.0221584205796
advocate,1,0,0.0540636759344,0.459223360664,0.486712963402
main,0,0,0.0660997382854,0.752706188698,0.181194073016
popular,1,1,0.014059745404,0.100682851873,0.885257402723
appreciative,1,1,4.37886495393e-06,4.43700382466e-06,0.999991184131
conch,0,0,6.95884254653e-05,0.991283595053,0.00864681652168
mercifully,1,-1,0.820335060675,0.0204672127379,0.159197726587
capable,1,1,0.000498459604888,0.00585825421518,0.99364328618
pasta,0,0,1.76391984524e-06,0.998571373716,0.00142686236464
amicably,1,1,0.0690444362355,0.0605575212893,0.870398042475
mayo,0,0,3.48748397948e-05,0.993875570948,0.00608955421203
bustle,1,1,0.00502558871799,0.210238346565,0.784736064717
comfy,1,1,0.0157995510291,0.128765577389,0.855434871582
sardonic,-1,-1,0.642796380832,0.00808878427465,0.349114834893
horseradish,0,0,1.86410900896e-07,0.999572055013,0.000427758575702
peerless,1,1,0.00117640227659,0.00119870798609,0.997624889737
boredom,-1,-1,0.913234319497,0.0378069802046,0.0489587002989
unfriendly,-1,-1,0.998745675314,0.000303388431217,0.000950936255176
favourite,1,0,0.000191915338623,0.565441980678,0.434366103983
modern,1,1,0.0267416602358,0.0700057822525,0.903252557512
dauntless,1,1,0.0184223685706,0.00204920709682,0.979528424333
fucker,-1,-1,0.824254527042,0.168850526207,0.00689494675121
sturgeon,0,0,6.41196588225e-05,0.991543798009,0.0083920823317
charm,1,1,0.0243269418743,0.0607452457739,0.914927812352
forgettable,-1,1,0.0787813260595,0.00971539210189,0.911503281839
fabulously,1,1,0.0162666270651,0.0224825140503,0.961250858885
impecable,1,1,0.0730357765703,0.0928670465137,0.834097176916
catcher,1,0,0.0939779112383,0.731214538458,0.174807550304
unimaginative,-1,-1,0.992066352825,0.00180838830697,0.00612525886799
trick,-1,0,0.332311981465,0.423940514723,0.243747503811
unprofessional,-1,-1,0.999561410564,0.000156528317336,0.000282061118772
satisfied,1,1,0.00565854395845,0.0200106865109,0.974330769531
ingredient,0,0,0.0018513016546,0.986412003283,0.0117366950621
like,0,-1,0.575476548275,0.170913251547,0.253610200177
gaudy,-1,0,0.530838797052,0.0331136818082,0.436047521139
nifty,1,1,0.00340147037456,0.0532194541462,0.943379075479
apathy,-1,-1,0.991906659893,0.00547466612585,0.00261867398091
economical,1,1,0.00136893301306,0.053234095013,0.945396971974
aspic,0,0,0.0206694786665,0.844320408221,0.135010113112
harsh,-1,-1,0.951355064006,0.00878327633792,0.0398616596563
scratchy,-1,-1,0.896516579584,0.0310352446414,0.0724481757741
cleverly,1,1,0.0285105897421,0.0294736788467,0.942015731411
sandwich,0,0,3.31539419971e-06,0.998990291678,0.00100639292824
dismal,-1,-1,0.94597847609,0.00558558869419,0.0484359352157
review,0,0,0.114498452079,0.619164539628,0.266337008293
pietra,0,0,0.184737267869,0.546430716082,0.268832016049
quacamole,0,0,0.00157356190153,0.977129444638,0.02129699346
disgust,-1,-1,0.987568187523,0.00754423738964,0.00488757508766
peaceful,1,1,0.00323868363537,0.0201136868318,0.976647629533
salmon,0,0,1.56691369672e-05,0.99669348072,0.00329085014314
woe,-1,-1,0.854992134265,0.0316133070313,0.113394558704
gooseberry,0,0,0.00218353033447,0.98236072535,0.0154557443157
chowder,0,0,1.94560521511e-06,0.998496024127,0.00150203026741
painlessly,1,1,0.128869397383,0.0262695662623,0.844861036354
ackward,-1,-1,0.67213490903,0.122642908939,0.205222182032
agreeably,1,1,0.155768081126,0.0319310908109,0.812300828063
ameliorate,1,-1,0.602888802743,0.127945919463,0.269165277794
location,0,0,0.0078588558311,0.949369188947,0.0427719552215
befoul,-1,-1,0.945281794965,0.0285944821591,0.0261237228755
bouillon,0,0,1.10537974321e-05,0.996392910583,0.00359603561947
uncomfy,-1,0,0.505565059849,0.23529936755,0.259135572601
bore,-1,0,0.298617977428,0.539341214024,0.162040808548
"maitre",0,0,0.261741577739,0.464507169447,0.273751252814
conspiratorial,-1,-1,0.985382533525,0.00338112330068,0.0112363431744
hominy,0,0,5.35982897795e-05,0.991925803993,0.00802059771749
impudent,-1,-1,0.899911951382,0.00639899320418,0.0936890554134
torpor,-1,-1,0.872271563363,0.0269380429305,0.100790393706
fascinate,1,1,0.0158951211607,0.00223481628045,0.981870062559
ricotta,0,0,4.62946209006e-06,0.997633088569,0.00236228196918
accommodative,1,1,0.134532127427,0.0186881243669,0.846779748206
asparagus,0,0,3.33183117067e-07,0.999446629323,0.000553037493648
croissant,0,0,0.00170924787573,0.996648577364,0.00164217476035
venomously,-1,-1,0.96013516961,0.0134553424319,0.0264094879585
hovel,0,0,0.511697238641,0.421388045821,0.0669147155386
spoil,-1,0,0.323632822014,0.150524614504,0.525842563482
insult,-1,-1,0.996260349965,0.00248790021248,0.00125174982217
impair,-1,-1,0.944529542143,0.0214634912177,0.0340069666394
liquor,0,0,0.00879870142611,0.986134743638,0.00506655493638
dismissive,-1,-1,0.985404069257,0.000865667749238,0.0137302629935
coleslaw,0,0,5.76958392573e-07,0.999181736579,0.000817686462299
reject,-1,-1,0.907293872325,0.0591058712664,0.0336002564084
margarine,0,0,3.04250177213e-06,0.999247594926,0.000749362572387
pestilent,-1,-1,0.913797633846,0.0319497042718,0.0542526618825
eclectic,1,1,0.00407778840263,0.0972454743988,0.898676737199
sweet,1,1,0.0421585681536,0.315492087132,0.642349344714
felicitous,1,1,0.00595707940346,0.00894846315919,0.985094457437
deceitfully,-1,-1,0.955818440373,0.0178183976906,0.0263631619364
cloying,-1,-1,0.804693242463,0.0232724104128,0.172034347125
hostel,0,0,0.0858199639583,0.87476325205,0.0394167839915
imposture,-1,-1,0.87018308221,0.0623976229795,0.0674192948108
flawless,1,1,0.00012230937879,0.00200938734754,0.997868303274
generously,1,1,0.0062689250173,0.0701099873046,0.923621087678
pleasurably,1,1,0.0676302382028,0.131609952854,0.800759808943
scenery,0,1,0.00225336384345,0.323937435125,0.673809201032
unappreciative,-1,-1,0.981553254035,0.000707301762877,0.0177394442022
lolly,0,0,0.0409895890323,0.948227166921,0.0107832440471
downside,-1,0,0.412445234971,0.380967885769,0.20658687926
felicitate,1,1,0.0059709431234,0.045022780291,0.949006276586
candy,0,0,0.00322694392159,0.982076435372,0.0146966207065
avocado,0,0,8.40614006942e-06,0.996920112919,0.0030714809412
beneficially,1,1,0.100531281465,0.0499375448606,0.849531173674
coffee,0,0,1.33900526063e-05,0.996001495232,0.00398511471579
overcompensate,1,-1,0.980100216404,0.00861444211029,0.0112853414856
rabid,-1,-1,0.90223380074,0.00703283981944,0.0907333594409
tire,-1,0,0.058625222442,0.911818643836,0.0295561337224
helpful,1,1,0.00116980079592,0.048110989579,0.950719209625
unimportant,-1,-1,0.980863512262,0.00518923187485,0.013947255863
profitable,1,1,0.0276334041505,0.0566307215389,0.915735874311
gross,-1,-1,0.961593823034,0.0226914163023,0.0157147606634
strudel,0,0,0.000114748319487,0.988533787954,0.0113514637265
deficiency,-1,-1,0.84338489861,0.0875948468118,0.0690202545778
unaccommodating,-1,-1,0.986707169148,0.00331761648987,0.00997521436248
awe,1,1,0.0110920934808,0.00566166292629,0.983246243593
cravenly,-1,-1,0.983212531925,0.00612284362336,0.0106646244517
moron,-1,-1,0.911517344527,0.0612184991504,0.0272641563223
inappropriate,-1,-1,0.898356226693,0.0121764472411,0.0894673260655
dessserts,0,0,0.261741577739,0.464507169447,0.273751252814
tamale,0,0,5.64886561962e-06,0.997565780516,0.00242857061864
"ill-used",-1,0,0.261741577739,0.464507169447,0.273751252814
importunate,-1,-1,0.747998130539,0.0145106595239,0.237491209937
tasty,1,0,0.000758409798912,0.563764394166,0.435477196035
disgustful,-1,0,0.261741577739,0.464507169447,0.273751252814
milkshake,0,0,1.34298742389e-05,0.996650272639,0.0033362974865
thin,0,-1,0.607637907379,0.260802209179,0.131559883442
rude,-1,-1,0.999608055663,0.000186164723227,0.000205779613649
dismay,-1,-1,0.98759786516,0.0035738171527,0.00882831768717
happy,1,1,0.00254238626954,0.0185579982276,0.978899615503
satisfied,1,1,0.00565854395845,0.0200106865109,0.974330769531
good,1,1,0.00692022573733,0.0585747589127,0.93450501535
positive,1,0,0.549428119164,0.0294710993376,0.421100781498
excellent,1,1,4.02305767307e-06,0.00258512622763,0.997410850715
flawless,1,1,0.00012230937879,0.00200938734754,0.997868303274
unimpaired,1,1,0.171330473087,0.0119645369119,0.816704990001
unhappy,-1,-1,0.971059771897,0.0117838343465,0.0171563937561
unsatisfied,-1,-1,0.980998844766,0.00495485568261,0.0140462995513
bad,-1,-1,0.988876004037,0.00739684466361,0.00372715129956
negative,-1,0,0.407473767856,0.12064748001,0.471878752135
