word,Actual_Polarity,Calc_Polarity,NegativeSimilarity,NeutralSimilarity,PositiveSimilarity
outstand,1,0,0.123742196798,0.460611756523,0.415646046679
disgust,-1,-1,0.966023337651,0.0169436389377,0.0170330234109
lighting,0,0,0.271939396907,0.708409281386,0.019651321707
substandard,-1,-1,0.991112791804,0.00163733192871,0.00724987626699
worthlessly,-1,0,0.197383803461,0.624275480536,0.178340716003
calumniously,-1,0,0.197383803461,0.624275480536,0.178340716003
devious,-1,-1,0.989743412242,0.00177697908641,0.00847960867171
meatloaf,0,0,7.86967299021e-06,0.998631550017,0.00136058031
hazelnut,0,0,0.00177232682079,0.992621936065,0.00560573711465
horrendously,-1,-1,0.941649431074,0.0017958293768,0.0565547395491
light,0,0,0.0867215234152,0.502650004057,0.410628472528
bother,-1,-1,0.70223068743,0.156997320607,0.140771991963
belligerently,-1,-1,0.983597005031,0.00472628703645,0.0116767079322
marzipan,0,0,0.0038386149387,0.976553098107,0.0196082869544
practical,1,1,0.080343290487,0.263910794339,0.655745915174
winningest,1,1,0.0340056259897,0.287926040217,0.678068333794
extensive,1,1,0.015832591136,0.0377026816367,0.946464727227
wheat,0,0,0.00511022354566,0.988985273321,0.00590450313291
cobweb,0,-1,0.664172544948,0.299967504208,0.0358599508447
basil,0,0,0.000955460128361,0.942853586951,0.0561909529207
squab,0,0,0.00550960769912,0.967750030305,0.0267403619964
altruistic,1,1,0.0236956482407,0.00650722123526,0.969797130524
smutty,-1,-1,0.897057469761,0.038870648503,0.0640718817362
ribbon,0,0,0.0126400672672,0.793526024201,0.193833908532
grubby,-1,-1,0.992828275021,0.000899475024291,0.00627224995506
teapot,0,0,0.00641376184959,0.963835670291,0.0297505678596
train,1,0,0.0509660797323,0.858018175807,0.0910157444608
insupportably,-1,0,0.197383803461,0.624275480536,0.178340716003
celery,0,0,0.00464132906764,0.990703950423,0.00465472050923
monstrously,-1,-1,0.774413545701,0.143368521971,0.0822179323279
aggressive,-1,-1,0.7846507211,0.0194576539972,0.195891624902
entertain,1,1,0.184920717055,0.0606636236717,0.754415659273
disgust,-1,-1,0.966023337651,0.0169436389377,0.0170330234109
price,0,0,0.0410540909036,0.907411522552,0.0515343865443
kickass,-1,1,0.012214359556,0.0433464185737,0.94443922187
pan,0,0,0.00823725428574,0.899187482816,0.0925752628986
revere,1,0,0.0766112231254,0.413952891224,0.50943588565
indecently,-1,-1,0.75591416784,0.0493976141603,0.194688217999
accomodative,1,1,0.295442534497,0.224209174344,0.480348291159
repressive,-1,-1,0.59973190224,0.00274164626975,0.39752645149
illogic,-1,-1,0.996114546398,0.00298412296732,0.000901330634275
torpidity,-1,-1,0.645336007473,0.213927606604,0.140736385923
ridiculous,-1,-1,0.924116619888,0.0111566412288,0.064726738883
sicken,-1,-1,0.974781546179,0.00555578324286,0.0196626705778
transcendent,1,1,0.00359536789382,0.00971653314186,0.986688098964
acrid,-1,-1,0.907682897434,0.00553206005708,0.0867850425085
grumpily,-1,-1,0.95648839896,0.0332572698213,0.0102543312187
enchant,1,1,0.00184588159559,0.00737574928573,0.990778369119
enchantingly,1,1,0.0509191724508,0.246058131767,0.703022695782
saute,0,0,1.5815975519e-05,0.996125972727,0.00385821129783
cognac,0,0,0.0356919154976,0.918129476939,0.0461786075634
appalling,-1,-1,0.992209346127,0.000777235929409,0.00701341794343
insult,-1,-1,0.991186479477,0.00459282436512,0.00422069615765
appropriate,1,1,0.0130976037024,0.0321815154833,0.954720880814
walnut,0,0,0.0159343513201,0.977519902729,0.00654574595124
apprehensively,-1,-1,0.61327115234,0.168451419957,0.218277427703
handsomely,1,1,0.00892185065137,0.0466906398957,0.944387509453
peppy,1,1,0.00622530571303,0.00267132797901,0.991103366308
derogatory,-1,-1,0.992620470188,0.00200587742449,0.00537365238745
kiwi,0,0,0.119358615987,0.809423256932,0.0712181270809
scornfully,-1,-1,0.983353213787,0.00698750940061,0.00965927681212
gelatin,0,0,0.00724502562396,0.919283550772,0.0734714236044
rotten,-1,-1,0.884343813567,0.0324330895136,0.0832230969194
harshly,-1,-1,0.91457614679,0.0114422603649,0.0739815928446
roll,0,0,0.0296886976103,0.644660714619,0.325650587771
abrupt,-1,-1,0.963233628174,0.00606446948028,0.0307019023454
talented,1,1,0.00162511183954,0.00835439756168,0.990020490599
huge,0,1,0.129262256262,0.083730560067,0.787007183671
heavenly,1,1,0.0100325923912,0.0339189534942,0.956048454115
rapture,1,-1,0.66049902956,0.311312967087,0.0281880033529
regrettable,-1,-1,0.97923849326,0.00129804140451,0.0194634653357
meal,0,0,0.00263772388494,0.891093457234,0.106268818881
mess,-1,-1,0.811621286811,0.160226451042,0.0281522621466
clam,0,0,0.013848879358,0.959075684888,0.0270754357544
slowwww,-1,0,0.197383803461,0.624275480536,0.178340716003
request,0,0,0.0667982049398,0.6726957462,0.26050604886
thankful,1,1,0.0732117565768,0.0234017744056,0.903386469018
delectation,1,1,0.1670454238,0.359785925628,0.473168650572
awesomely,1,1,0.0368339260442,0.0423823435429,0.920783730413
beauty,1,1,0.0168918759173,0.417925022314,0.565183101768
majestic,1,1,0.00752519711857,0.0365111315134,0.955963671368
exquisite,1,1,0.00281900945764,0.0127766729252,0.984404317617
entire,0,1,0.133974391742,0.225497262936,0.640528345321
hartshorn,0,0,0.197383803461,0.624275480536,0.178340716003
valiant,1,1,0.122301356568,0.0274713315039,0.850227311928
magnificent,1,1,0.000148812506407,0.00454533219341,0.9953058553
ration,0,0,0.0063758064702,0.960523077067,0.0331011164631
seedy,-1,-1,0.883480860549,0.0289561713374,0.0875629681137
guava,0,0,0.0014089439668,0.990051354928,0.00853970110522
joyfully,1,1,0.0576290889388,0.023084592758,0.919286318303
marinara,0,0,0.00423734858386,0.981174597509,0.014588053907
disastrously,-1,-1,0.978451689295,0.00207912354328,0.0194691871614
overcharge,-1,-1,0.843203938631,0.122158302385,0.0346377589841
disgraceful,-1,-1,0.804067496533,0.00584795876601,0.190084544701
atrocious,-1,-1,0.948479480045,0.0067293282415,0.044791191713
maliciously,-1,-1,0.995584295768,0.00158583347462,0.00282987075775
sloooow,-1,-1,0.879666856267,0.0130326201736,0.10730052356
uncivil,-1,-1,0.976638892774,0.00380797689737,0.0195531303286
burger,0,0,9.48428753746e-06,0.997916585199,0.00207393051362
spirited,1,1,0.056316848497,0.0202919228395,0.923391228664
tremendous,1,1,0.00229564483876,0.010958769807,0.986745585354
nauseate,-1,-1,0.894988782679,0.0512457073559,0.053765509965
trashy,-1,0,0.49982074761,0.0277802302646,0.472399022125
spurious,-1,-1,0.981706343922,0.00316273478405,0.0151309212939
servant,0,0,0.0252013892449,0.805729944598,0.169068666157
compliment,1,1,0.162461564583,0.152324393466,0.685214041951
malevolently,-1,-1,0.934825623749,0.0420029304676,0.0231714457838
regrettably,-1,-1,0.971606211164,0.00876327478887,0.0196305140473
"high_quality",1,0,0.197383803461,0.624275480536,0.178340716003
macaroon,0,0,0.00544715069446,0.98141241064,0.0131404386657
bitch,-1,-1,0.553228326638,0.429437115196,0.0173345581657
blissful,1,1,0.0392614364053,0.0327800203059,0.927958543289
unusable,-1,-1,0.743719822697,0.19174887314,0.0645313041633
abundant,1,1,0.0515565142745,0.0534018770998,0.895041608626
wholesome,1,1,0.0202950258269,0.0899188227875,0.889786151386
hall,0,0,0.0250090897756,0.950785374745,0.0242055354799
complacent,-1,1,0.0731585692029,0.00291280492692,0.92392862587
delivery,0,0,0.0581088918749,0.87790447464,0.063986633485
passivity,-1,-1,0.994967884718,0.0023091012732,0.00272301400885
harmful,-1,-1,0.974645520689,0.00567109028008,0.0196833890306
delectable,1,1,0.00414878722702,0.0425268310936,0.953324381679
valiantly,1,1,0.0658489538209,0.0281159544316,0.906035091747
section,0,0,0.0238612708026,0.964889438821,0.0112492903764
confusing,-1,-1,0.975497299585,0.00641042368114,0.0180922767339
talent,1,0,0.0654850078153,0.642819857205,0.29169513498
enthusiastically,1,1,0.00318572690813,0.0039117576612,0.992902515431
smugly,-1,-1,0.97306006858,0.00232541666759,0.024614514752
glad,1,1,0.0120013944687,0.0536691413245,0.934329464207
pickle,0,0,0.169586583585,0.794337789098,0.036075627317
ladyfinger,0,0,0.0079536695783,0.972806041616,0.019240288806
grandioso,1,0,0.197383803461,0.624275480536,0.178340716003
pomegranate,0,0,0.00141390409978,0.993430207069,0.00515588883079
corner,0,0,0.0363331508786,0.906507592813,0.0571592563089
merit,1,1,0.0755760776949,0.360787940982,0.563635981323
stupidly,-1,-1,0.934747718793,0.00796766944211,0.0572846117652
basic,0,1,0.0740911708512,0.11710649377,0.808802335378
disrespectfully,-1,-1,0.94696149937,0.0304398134436,0.0225986871864
caviar,0,0,0.000410877317635,0.977262702577,0.0223264201057
poor,-1,-1,0.979762683877,0.00432370419174,0.0159136119312
lemon,0,0,0.00169878804891,0.995910185996,0.00239102595512
"ill-favored",-1,0,0.197383803461,0.624275480536,0.178340716003
option,0,0,0.140696153934,0.729380089078,0.129923756988
cabernet,0,0,0.00196923716246,0.970818045229,0.0272127176085
legume,0,0,0.0068454292909,0.979902233741,0.0132523369679
acceptable,1,1,0.0524643801799,0.0371724690443,0.910363150776
virtuously,1,1,0.239214084075,0.0899265323805,0.670859383545
curry,0,0,0.00196178122072,0.987732099215,0.0103061195641
trust,1,-1,0.624939402835,0.143074649061,0.231985948103
snob,0,0,0.352861850445,0.472261632387,0.174876517168
caper,0,0,0.0515956876609,0.914743938919,0.0336603734205
hoodwink,-1,-1,0.87771820386,0.0453234062262,0.0769583899136
grit,0,0,0.131500391141,0.466929615948,0.401569992911
subpar,-1,-1,0.868177062701,0.029265369445,0.102557567854
damn,-1,0,0.18686765522,0.41199991595,0.401132428831
rile,-1,-1,0.541377969013,0.414519539686,0.0441024913017
wrap,0,0,0.112496455026,0.747122491205,0.140381053768
caraway,0,0,0.00235404195992,0.978725490116,0.018920467924
order,0,0,0.148213903474,0.770678494494,0.0811076020313
frustrate,-1,-1,0.967877510935,0.0100338988374,0.0220885902278
imaginative,1,1,0.00737945808219,0.0125156314999,0.980104910418
ineloquently,-1,0,0.197383803461,0.624275480536,0.178340716003
fuss,-1,-1,0.776447344581,0.16955296916,0.0539996862585
stupidity,-1,-1,0.950025969522,0.0343600603911,0.0156139700866
pastry,0,0,0.00361884625901,0.930115570191,0.0662655835498
overpay,0,-1,0.484000025805,0.289950820875,0.226049153321
wedding,0,0,0.00733075938095,0.958038662207,0.0346305784123
festive,1,1,0.0458759714302,0.0979548452761,0.856169183294
terrace,0,0,0.0039799146932,0.894706540286,0.101313545021
agave,0,0,0.00112598449964,0.986651945356,0.0122220701448
riveting,1,1,0.00597788615319,0.00650559344492,0.987516520402
alarm,-1,0,0.361266762656,0.621919663195,0.0168135741496
scene,0,0,0.0236183138954,0.943691427963,0.0326902581417
inhospitable,-1,1,0.33041272282,0.0257769609098,0.64381031627
unhappiness,-1,-1,0.797936757571,0.131681835476,0.0703814069537
flower,0,0,0.00395732408594,0.976333366004,0.0197093099099
nark,1,-1,0.700980645145,0.258545546907,0.0404738079484
enjoyable,1,1,0.000973752708205,0.0078810939287,0.991145153363
toffee,0,0,0.0304415480653,0.855453470581,0.114104981354
skewer,0,-1,0.666220711966,0.267332547216,0.0664467408185
wondrous,1,1,0.00187698993597,0.0111927459718,0.986930264092
gourmet,1,1,0.00198908777873,0.279615523931,0.718395388291
worry,-1,-1,0.86959250557,0.0965936993158,0.0338137951146
haddock,0,0,0.0212694209213,0.957297828548,0.021432750531
bemuse,-1,-1,0.620394087205,0.0693949199843,0.310210992811
"ill-natured",-1,0,0.197383803461,0.624275480536,0.178340716003
caffe,0,0,0.00661049004597,0.952711293778,0.0406782161759
inedible,-1,-1,0.808439617926,0.167584323848,0.0239760582255
fry,0,0,0.012750385154,0.979110265325,0.00813934952117
adverse,-1,-1,0.982162877134,0.0049169434698,0.0129201793963
appetizer,0,0,8.00728324844e-05,0.990057353727,0.00986257344061
tender,1,1,0.01022669335,0.0566685854226,0.933104721227
sickly,-1,-1,0.978218387685,0.00476787772398,0.0170137345906
pear,0,0,1.56392806468e-06,0.999051359907,0.000947076165237
betray,-1,-1,0.978432989564,0.00862604985084,0.0129409605856
atmoshere,0,0,0.197383803461,0.624275480536,0.178340716003
affectionate,1,1,0.0859489332571,0.00639627432375,0.907654792419
annoy,-1,-1,0.956548817403,0.00389407793255,0.0395571046644
succotash,0,0,0.00531733889366,0.972433028556,0.0222496325508
tinny,-1,-1,0.799776266372,0.102235667537,0.0979880660905
deplore,-1,-1,0.953460148787,0.00905940807783,0.037480443135
cantaloupe,0,0,0.00203301909832,0.994245325897,0.00372165500437
kabob,0,0,6.61123640843e-05,0.991519187449,0.00841470018649
boring,-1,-1,0.97907298653,0.00941964496626,0.0115073685035
feeble,-1,-1,0.996866698367,0.000647056958355,0.00248624467509
crude,-1,-1,0.97004283716,0.00950017781173,0.0204569850282
lobster,0,0,0.00182617481534,0.995469313321,0.00270451186389
wild_rice,0,0,0.197383803461,0.624275480536,0.178340716003
desk,0,0,0.00679277722017,0.973476215829,0.0197310069505
frontman,0,0,0.0356664597174,0.888097390703,0.0762361495798
enticing,1,1,0.0196754513434,0.0425322890291,0.937792259627
authentic,1,1,0.00954217894378,0.0352239755826,0.955233845474
overrate,-1,-1,0.775610399179,0.0352224322882,0.189167168532
dirty,0,0,0.44580620223,0.0585712900108,0.495622507759
cucumber,0,0,0.00169348837781,0.987932661894,0.0103738497279
gloriously,1,1,0.0637013462615,0.0152260687493,0.921072584989
terrible,-1,-1,0.983969287884,0.00381165999812,0.0122190521176
affordably,1,1,0.0140709486783,0.37391162077,0.612017430551
harassment,-1,-1,0.898579426654,0.0910999362717,0.0103206370748
melt,1,0,0.054461084798,0.864693530649,0.080845384553
heartily,1,1,0.000567561758751,0.00801035042303,0.991422087818
overzealous,-1,-1,0.964520983289,0.0149581750105,0.020520841701
heavy-handed,-1,0,0.197383803461,0.624275480536,0.178340716003
gluten,0,0,0.00944072442192,0.975298542138,0.0152607334405
heartless,-1,-1,0.981514566274,0.00151194496975,0.0169734887563
endear,1,1,0.0210853481353,0.0112425670575,0.967672084807
slanderous,-1,-1,0.995690634768,0.00106371888129,0.00324564635063
comfort,0,0,0.0305870770196,0.503540902882,0.465872020099
syrah,0,0,0.000328058225275,0.979540014383,0.0201319273922
montparnasse,0,0,0.197383803461,0.624275480536,0.178340716003
gracefully,1,1,0.0129638782151,0.0458413283141,0.941194793471
nasty,-1,-1,0.900877067663,0.0334923808536,0.0656305514838
hysterically,-1,1,0.412811606917,0.0123244346136,0.574863958469
pudding,0,0,0.00416604442396,0.976498245294,0.0193357102825
motel,0,0,0.0177889226227,0.951342221409,0.0308688559678
veggies,0,0,0.000152912844673,0.986556301653,0.0132907855021
antipasto,0,0,6.60041106e-05,0.991166165757,0.00876783013229
torpiness,-1,0,0.197383803461,0.624275480536,0.178340716003
treacherously,-1,-1,0.785468670479,0.0381813667959,0.176349962725
food,0,0,0.00261772531959,0.980316068478,0.0170662062025
smooth,1,1,0.011328938566,0.0418597838805,0.946811277554
pack,-1,0,0.108826482848,0.877921972701,0.0132515444516
torturous,-1,-1,0.790051714732,0.00932522852022,0.200623056748
blameless,1,-1,0.954436737178,0.00714078240888,0.038422480413
busboy,0,0,0.11190813216,0.814397403287,0.0736944645528
fromager,0,0,0.0934958425171,0.715114855917,0.191389301566
annihilate,-1,0,0.319748703345,0.47825025807,0.202001038586
success,1,0,0.0366111553584,0.664318068591,0.299070776051
balsamic,0,0,0.00585480345622,0.856386385488,0.137758811056
bean,0,0,0.0221368720698,0.905686855947,0.0721762719836
doughnut,0,0,0.00373429963499,0.976600899525,0.01966480084
uncompetitive,-1,-1,0.96291742471,0.0203860962302,0.0166964790594
next,0,0,0.0643287248697,0.457279739319,0.478391535812
dark,0,-1,0.77330563556,0.118387709711,0.108306654729
awe,1,1,0.00623737738605,0.0274031355715,0.966359487042
piteous,-1,-1,0.994750255963,0.00180758544292,0.00344215859429
hilarious,1,1,0.00534517862872,0.0133760849224,0.981278736449
outperformance,1,0,0.0534579262474,0.516951110484,0.429590963268
arrogant,-1,-1,0.996824560786,0.000558992911866,0.00261644630198
thai,0,0,0.0530027131006,0.767540772646,0.179456514253
attractively,1,1,0.0580996465062,0.112544803798,0.829355549696
"%c%c*bread",0,0,0.197383803461,0.624275480536,0.178340716003
sarcastically,-1,-1,0.845602182434,0.0710450296965,0.083352787869
present,0,1,0.0718818128103,0.335896885584,0.592221301606
joint,0,0,0.147421803053,0.589046694099,0.263531502848
alcohol,0,0,0.0590872834655,0.928211186224,0.0127015303101
discontented,-1,1,0.25434560625,0.0242068160361,0.721447577714
sparerib,0,0,0.197383803461,0.624275480536,0.178340716003
appallingly,-1,-1,0.983060584662,0.00090478036582,0.0160346349721
staid,-1,-1,0.553592529512,0.0220212271064,0.424386243382
shrimp,0,0,4.16396864738e-06,0.998015199706,0.001980636325
throw,-1,0,0.139641500718,0.522353085838,0.338005413444
waitstaffs,0,0,0.134443827562,0.641663742712,0.223892429726
costly,0,1,0.118169874181,0.0777685451957,0.804061580623
ashamed,-1,-1,0.825373063606,0.00758204578958,0.167044890605
quarrelsome,-1,-1,0.97333965968,0.00688514487066,0.0197751954497
mussles,0,0,0.005658540477,0.89318670013,0.101154759393
ingeniously,1,1,0.00788691462714,0.0238920990787,0.968220986294
brutally,-1,-1,0.77388082137,0.0157415596703,0.21037761896
disgust,-1,-1,0.966023337651,0.0169436389377,0.0170330234109
unprofitable,-1,-1,0.865430696694,0.0277759015282,0.106793401778
nectar,0,0,0.016376483261,0.692278222237,0.291345294502
calumnious,-1,-1,0.950793520479,0.0311786917715,0.0180277877491
simple,0,1,0.042194303575,0.0382868126523,0.919518883773
defamatory,-1,-1,0.862164298196,0.0060111120503,0.131824589754
run-down,-1,0,0.197383803461,0.624275480536,0.178340716003
bounteous,1,1,0.0230929255266,0.108508197135,0.868398877339
dishonorablely,-1,0,0.197383803461,0.624275480536,0.178340716003
flounder,0,0,0.52162913009,0.448672748941,0.0296981209691
mousse,0,0,0.00055416298361,0.972924995952,0.026520841064
ramshackle,-1,-1,0.904240614417,0.0613584081654,0.0344009774172
quaint,1,1,0.151848614306,0.041631657622,0.806519728072
top_notch,1,0,0.197383803461,0.624275480536,0.178340716003
sweetness,1,0,0.0208231158897,0.679367998467,0.299808885644
crowd,-1,0,0.175796895422,0.691256127765,0.132946976813
ignorance,-1,-1,0.985662517578,0.0117824857455,0.00255499667631
ramp,0,0,0.024343894584,0.894576852741,0.0810792526746
overprice,-1,-1,0.88200881176,0.0957761088858,0.0222150793538
tiresome,-1,-1,0.991410314248,0.00113121209934,0.00745847365269
must,1,1,0.010820182367,0.185322377855,0.803857439778
occasion,0,0,0.0630538936751,0.605279742825,0.3316663635
scant,-1,-1,0.870210505203,0.0493006417656,0.0804888530318
snobish,-1,0,0.197383803461,0.624275480536,0.178340716003
beat,-1,-1,0.440593617041,0.290325540405,0.269080842554
stellar,1,1,0.000134756113079,0.00438067388283,0.995484570004
impressively,1,1,0.0574115253984,0.0247466268544,0.917841847747
disparage,-1,-1,0.861958484257,0.0266285133979,0.111413002345
heaviness,-1,-1,0.909388602446,0.0728190246665,0.0177923728873
borscht,0,0,0.017271490776,0.964093213234,0.0186352959897
view,0,0,0.127425109613,0.662847372681,0.209727517707
dreck,-1,-1,0.909989686982,0.0703156499577,0.01969466306
admiration,1,1,0.0152942047181,0.0625182137096,0.922187581572
belittle,-1,-1,0.977801352501,0.00274301766239,0.0194556298364
cram,-1,-1,0.958993882069,0.0205448204256,0.0204612975049
collard,0,0,0.00492632463096,0.985317593457,0.00975608191233
pecan,0,0,0.00220937916234,0.991648336571,0.00614228426663
masterful,1,1,0.000552095032823,0.00611377790943,0.993334127058
great,0,1,0.00376445358055,0.017552700763,0.978682845656
cook,0,0,0.00670388192347,0.97177846498,0.0215176530964
souffle,0,0,0.00963365454662,0.932966497306,0.0573998481476
high-spirited,1,0,0.197383803461,0.624275480536,0.178340716003
beautiful,1,1,0.0139646570015,0.0761691124045,0.909866230594
surpass,1,1,0.0957552006425,0.0687008311696,0.835543968188
chick,0,0,0.0900644460146,0.873536909884,0.0363986441009
refresh,1,1,0.125642975754,0.14390550579,0.730451518457
water,0,0,0.0349560873024,0.932245577639,0.0327983350587
stuffy,-1,0,0.51350139606,0.0286181044004,0.45788049954
dextrous,1,1,0.0401161331758,0.0640890469955,0.895794819829
uninteresting,-1,-1,0.988020556874,0.0032093449474,0.0087700981789
swordfish,0,0,0.00264239162476,0.990851126342,0.00650648203284
endear,1,1,0.0210853481353,0.0112425670575,0.967672084807
cheerless,-1,-1,0.546241414394,0.0773112173944,0.376447368212
dreadful,-1,-1,0.863443287476,0.00444724898414,0.13210946354
accomodating,1,1,0.00940574183199,0.0462026899801,0.944391568188
healthy,1,1,0.0264330335557,0.0411927695837,0.932374196861
feebleminded,-1,-1,0.95173190541,0.0338550857231,0.0144130088667
elegant,1,1,0.00574605622139,0.0276912624832,0.966562681295
presumptuously,-1,-1,0.827132252163,0.0632831948061,0.109584553031
slanderously,-1,-1,0.800545791116,0.152984382025,0.0464698268594
granola,0,0,0.0380056339311,0.930779879028,0.031214487041
anchovy,0,0,0.00268010156631,0.991608226911,0.00571167152239
true,0,1,0.0113861685349,0.0424555598259,0.946158271639
kohlrabi,0,0,0.00381729458011,0.980713590266,0.0154691151536
dolt,-1,-1,0.744421848128,0.17410076198,0.0814773898924
guiness,0,0,0.0161522395389,0.810512010414,0.173335750047
perverse,-1,-1,0.872130292872,0.00914736564866,0.118722341479
woeful,-1,-1,0.933097388209,0.00204486183509,0.0648577499558
citronella,0,0,0.0060054585043,0.975328457496,0.0186660840001
humourous,1,1,0.185779208573,0.00692453936587,0.807296252061
kringle,0,0,0.00137026609206,0.97740239815,0.0212273357576
sneakily,-1,1,0.382941059731,0.0893519159218,0.527707024347
ineffectively,-1,-1,0.915578948959,0.0135799648449,0.0708410861956
scrumptious,1,1,0.00684158096307,0.0768209181503,0.916337500887
idiot,-1,-1,0.887985044442,0.0930166131689,0.0189983423894
stylish,1,1,0.00700505031921,0.0239512684529,0.969043681228
ominously,-1,-1,0.877237391049,0.0330073976536,0.0897552112971
patty,0,0,1.27988517578e-05,0.99624973837,0.00373746277832
kingfish,0,0,0.00306062685109,0.987614058408,0.00932531474113
irreproachable,1,1,0.00587732200693,0.0148035643717,0.979319113621
greatness,1,1,0.0325875218931,0.353047320278,0.614365157829
nightmarish,-1,1,0.296475373333,0.0171510200302,0.686373606637
vulgar,-1,-1,0.946673282604,0.0240815866525,0.029245130743
fish,0,0,0.0030850634468,0.991887462769,0.0050274737845
chutney,0,0,0.00419433983721,0.98694957514,0.0088560850231
negligent,-1,-1,0.974067045585,0.0044166614225,0.0215162929923
selection,0,0,0.00700028036632,0.85293218406,0.140067535574
artwork,0,0,0.0383824536066,0.879039941927,0.0825776044665
menu,0,0,0.00297369936182,0.979354473725,0.017671826913
plague,-1,-1,0.570695955148,0.410096124071,0.0192079207811
listlessness,-1,-1,0.927266197174,0.0126426369932,0.0600911658324
judicious,1,1,0.152355150693,0.0175892861735,0.830055563134
hostess,0,0,0.0752721397777,0.902025106184,0.0227027540387
guiltily,-1,-1,0.677193691274,0.0196247385264,0.3031815702
hash,0,0,0.137868794636,0.766382964377,0.0957482409871
friend,0,0,0.0551816570707,0.914298493023,0.0305198499067
credulous,-1,-1,0.965485144675,0.0142516863187,0.0202631690059
overlook,-1,-1,0.87340964508,0.0709140768399,0.0556762780799
hideously,-1,-1,0.995362161978,0.000480104377816,0.00415773364461
unforgetable,1,1,0.00626875712377,0.0289502998436,0.964780943033
excellant,1,1,0.00254584711034,0.0118225746276,0.985631578262
strange,-1,-1,0.830077016856,0.0468279584583,0.123095024685
sickeningly,-1,0,0.522335361057,0.0107329796292,0.466931659314
place,0,0,0.0302216093535,0.927933539597,0.0418448510496
mincemeat,0,0,0.2703154366,0.501007278904,0.228677284495
straw,0,0,0.326545733754,0.644424205071,0.029030061175
improvement,1,0,0.136494393376,0.416610355838,0.446895250785
deceive,-1,-1,0.938480713445,0.00978546465545,0.0517338218993
appal,-1,-1,0.84838212326,0.0324741348863,0.119143741854
dastardly,-1,-1,0.849779600147,0.0112570193726,0.13896338048
devour,1,1,0.341200707566,0.180251658586,0.478547633848
"ill-fated",-1,0,0.197383803461,0.624275480536,0.178340716003
nastily,-1,-1,0.974294377038,0.0219913384346,0.00371428452719
acerbically,-1,1,0.116674113366,0.0174578813511,0.865868005283
martini,0,0,0.000313302605856,0.979856288335,0.0198304090588
malicious,-1,-1,0.99741208474,0.000508937341126,0.00207897791895
flavor,0,0,0.00919900151476,0.949741893778,0.0410591047076
granite,0,0,0.349122224402,0.282808503197,0.368069272401
friendly,1,1,0.010429636879,0.0351753225885,0.954395040533
morel,0,0,0.0268167548612,0.947104821893,0.026078423246
fearful,-1,1,0.245732667802,0.0139980647783,0.740269267419
admirably,1,1,0.00163811537023,0.00686286956951,0.99149901506
infamously,-1,-1,0.837995988711,0.019110545676,0.142893465613
delight,1,1,0.00899028330324,0.0418389410008,0.949170775696
cocoa,0,0,8.33581361069e-07,0.999480766085,0.000518400333689
aesthetics,0,0,0.0464850188343,0.814750821891,0.138764159275
humorless,-1,-1,0.982275390867,0.00602620179043,0.0116984073428
classy,1,1,0.00492191960334,0.0215455399167,0.97353254048
sommelier,0,0,0.00223690143851,0.942685863716,0.0550772348459
counter,0,0,0.293851096059,0.577020302829,0.129128601111
showeroom,0,0,0.197383803461,0.624275480536,0.178340716003
sinister,-1,-1,0.75445605278,0.0238225913531,0.221721355867
joyously,1,1,0.00434569208525,0.0112237074791,0.984430600436
excel,1,1,0.000217776755044,0.0081252624888,0.991656960756
pea,0,0,0.00773956246364,0.98322882777,0.00903160976629
badly,-1,-1,0.940783150523,0.00762793723018,0.0515889122466
stupendously,1,1,0.163823285573,0.0338098377784,0.802366876648
dollar,0,0,0.140643714845,0.736931108218,0.122425176937
stylishly,1,1,0.016258627565,0.0556534039842,0.928087968451
obscenely,-1,-1,0.884558952469,0.0127491721209,0.10269187541
irk,-1,-1,0.78016767778,0.007553649775,0.212278672445
sumptuous,1,1,0.00147725460905,0.00908675421929,0.989435991172
inability,-1,-1,0.78010527075,0.0985910502167,0.121303679033
roofdeck,0,0,0.0381271749962,0.844894092968,0.116978732035
bulky,-1,-1,0.873030406015,0.0471817698022,0.0797878241828
raging,-1,-1,0.951181843004,0.0264904514747,0.0223277055209
misbegotten,-1,-1,0.847900567611,0.0265896161848,0.125509816204
transcend,1,1,0.0846365539613,0.0365181610439,0.878845284995
luminary,1,1,0.0433587178472,0.257538022295,0.699103259857
junk,-1,0,0.214529313292,0.689231558062,0.0962391286462
"so-so",-1,0,0.197383803461,0.624275480536,0.178340716003
surround,0,1,0.0483104741431,0.124007530307,0.82768199555
deliver,0,0,0.133143139171,0.427342669324,0.439514191504
unwatchable,-1,-1,0.968740315423,0.00145220791468,0.029807476662
loveable,1,1,0.0677451965882,0.0120186863304,0.920236117081
soda,0,0,0.0183378550658,0.968864879595,0.0127972653395
successfully,1,1,0.0145600646,0.0346757225203,0.95076421288
enchant,1,1,0.00184588159559,0.00737574928573,0.990778369119
bungle,-1,-1,0.979107079208,0.0160945144144,0.00479840637764
unpalatable,-1,-1,0.728235027302,0.0245687006099,0.247196272088
indifferent,-1,-1,0.937664481888,0.00682280495064,0.0555127131613
yellowtail,0,0,0.00160197416026,0.982355692608,0.016042333232
resort,0,0,0.248101056429,0.723520847442,0.0283780961288
nefariously,-1,-1,0.946201091784,0.0364355751817,0.0173633330338
patio,0,0,6.94273607143e-05,0.990784627573,0.00914594506614
adroit,1,1,0.00107983635399,0.00851205411741,0.990408109529
dependable,1,1,0.000661526903657,0.0062832736706,0.993055199426
spice,0,0,0.0176344156893,0.966916776348,0.0154488079631
despondently,-1,-1,0.815240051605,0.113896647055,0.07086330134
bluefish,0,0,0.00453296513273,0.987786192205,0.00768084266249
nuisance,-1,-1,0.955823970429,0.0330814761935,0.0110945533773
cappuccino,0,0,0.0277972917404,0.936027241398,0.0361754668616
own,0,1,0.233666200024,0.270984904098,0.495348895878
honesty,1,1,0.0840523949771,0.204180548834,0.711767056189
quality,0,1,0.0499670451404,0.422489822698,0.527543132162
blissfully,1,1,0.0288204749443,0.0509876301444,0.920191894911
staunch,1,-1,0.542811833387,0.0164739392481,0.440714227365
sangria,0,0,2.56772529475e-05,0.995040009112,0.00493431363471
okra,0,0,0.00454731868034,0.986892945334,0.00855973598571
cocktail,0,0,0.013826302709,0.953392326307,0.0327813709843
maladjusted,-1,-1,0.997622973644,0.00130450895732,0.00107251739843
wayward,-1,-1,0.802366645757,0.0380179821149,0.159615372128
prosperous,1,0,0.431227873857,0.087145296517,0.481626829626
zwieback,0,0,0.197383803461,0.624275480536,0.178340716003
cruelly,-1,-1,0.909779975694,0.00813545595732,0.082084568349
trustworthy,1,1,0.0181292561757,0.0870896605667,0.894781083258
decent,0,1,0.0327886218373,0.0596657471413,0.907545631021
disappointingly,-1,-1,0.980713716327,0.00827323142733,0.0110130522458
pics,0,0,0.268856891824,0.618846441762,0.112296666414
breathtaking,1,1,0.00388545859953,0.0169352773481,0.979179264052
despairing,-1,-1,0.978832435248,0.00168980221419,0.0194777625378
mango,0,0,0.0111119141527,0.983956573686,0.00493151216167
adoringly,1,1,0.0155542119797,0.029193488784,0.955252299236
tortilla,0,0,1.35962632789e-06,0.999586048845,0.000412591529001
asinine,-1,-1,0.939632416673,0.0154752058691,0.0448923774579
irresponsible,-1,-1,0.990324796386,0.000558491780242,0.00911671183349
detrimental,-1,-1,0.804531091147,0.0104741306376,0.184994778216
candle,0,0,0.0097153373691,0.761285146453,0.228999516178
enthrall,1,1,0.00980604676014,0.0401228701464,0.950071083093
spumoni,0,0,0.00447903541203,0.937854811228,0.05766615336
abalone,0,0,0.00143536496107,0.993342994191,0.00522164084784
angelic,1,1,0.311800334439,0.0361326569019,0.652067008659
fresh,0,1,0.0130780940661,0.166298557878,0.820623348056
fondue,0,0,0.00212755889714,0.930994307222,0.066878133881
just,0,1,0.247099161307,0.284712230215,0.468188608478
coke,0,0,0.0355364651391,0.950471093921,0.0139924409398
inequitably,-1,-1,0.941898381775,0.0333237268816,0.0247778913437
brownie,0,0,0.0339450525299,0.710497652464,0.255557295006
avariciously,-1,0,0.276235872326,0.466981173796,0.256782953879
reliable,1,1,0.00712605015654,0.0190219859445,0.973851963899
hostile,-1,-1,0.991770266788,0.00166216322931,0.00656756998295
music,0,0,0.0139941219075,0.90851088336,0.0774949947323
diverse,0,1,0.00193307799762,0.00893184279508,0.989135079207
turnip,0,0,0.0228801399853,0.963090801235,0.0140290587794
felony,-1,-1,0.891145975426,0.0973122814073,0.011541743167
trendi,1,0,0.197383803461,0.624275480536,0.178340716003
trout,0,0,0.00822185424597,0.972005322428,0.0197728233264
cataclysmically,-1,-1,0.892411095345,0.0656866901127,0.0419022145422
insufferably,-1,-1,0.99746117898,0.00072456761018,0.00181425340961
fillet,0,0,0.00565624814551,0.982470089535,0.0118736623193
meaningless,-1,-1,0.961154055515,0.0084799622622,0.0303659822229
fudge,0,0,0.0017996529259,0.99223469833,0.00596564874447
return,0,0,0.0309718653697,0.827533212923,0.141494921707
jealous,-1,-1,0.969677229836,0.0104658680393,0.0198569021251
repugnant,-1,-1,0.960034501908,0.00702209007644,0.0329434080155
decoration,0,0,0.00565046599526,0.822130031629,0.172219502376
bouillabaisse,0,0,0.00636760421521,0.978525141423,0.0151072543614
"ill-tempered",-1,0,0.197383803461,0.624275480536,0.178340716003
ecstatically,1,1,0.0594231729618,0.00991850406603,0.930658322972
careless,-1,-1,0.996479058936,0.00121385446194,0.00230708660185
various,0,1,0.386415513659,0.0596991194376,0.553885366904
kitchen,0,0,3.0560854131e-05,0.994624737003,0.00534470214253
unsupportive,-1,-1,0.98995014209,0.00190885394491,0.00814100396504
valuable,1,1,0.0150016877756,0.0569243679032,0.928073944321
inexpert,-1,-1,0.931020420351,0.0363055935688,0.0326739860804
venomous,-1,-1,0.883587118097,0.0118527971376,0.104560084765
beneficent,1,1,0.0287205384749,0.0232474312038,0.948032030321
villainously,-1,-1,0.738255364602,0.125636721365,0.136107914033
wary,-1,-1,0.799452298561,0.00322152635222,0.197326175087
amiss,-1,-1,0.714177663143,0.21025283305,0.0755695038072
jelly,0,0,0.00538659361028,0.955267596345,0.0393458100449
appall,-1,-1,0.970566499369,0.00992181970473,0.0195116809261
advocate,1,0,0.0755716278145,0.81177600589,0.112652366296
main,0,1,0.149097400028,0.255650427885,0.595252172087
popular,1,1,0.0789199275926,0.21389456035,0.707185512057
appreciative,1,1,0.0207747891544,0.00856245947208,0.970662751374
conch,0,0,0.0275651168885,0.933055159958,0.0393797231536
mercifully,1,-1,0.872609512867,0.0524081126428,0.0749823744906
capable,1,1,0.0160853946253,0.0115471298324,0.972367475542
pasta,0,0,1.3423600469e-05,0.996476282284,0.0035102941154
amicably,1,1,0.0404996165169,0.106509856786,0.852990526697
mayo,0,0,0.00859629055461,0.935773166437,0.0556305430085
bustle,1,0,0.226616427706,0.460122499024,0.31326107327
comfy,1,1,0.0541100265556,0.125905714358,0.819984259087
sardonic,-1,0,0.490196220574,0.00887848107962,0.500925298346
horseradish,0,0,4.98182185043e-06,0.998095852954,0.00189916522427
peerless,1,1,0.00256798615624,0.0146668136591,0.982765200185
boredom,-1,-1,0.969382808595,0.0168583997645,0.013758791641
unfriendly,-1,-1,0.978963855304,0.00240003025859,0.0186361144375
favourite,1,1,0.00948332424322,0.113310869553,0.877205806204
modern,1,1,0.112577159524,0.15017234601,0.737250494466
dauntless,1,1,0.00416241035965,0.0163037036572,0.979533885983
fucker,-1,0,0.489944252035,0.497141171495,0.0129145764697
sturgeon,0,0,0.0127661216464,0.965724928484,0.0215089498697
charm,1,0,0.0984020307086,0.418391757657,0.483206211634
forgettable,-1,-1,0.768974553824,0.0103850287861,0.22064041739
fabulously,1,1,0.00443241879132,0.0124359403028,0.983131640906
impecable,1,1,0.0170071116,0.0604950518773,0.922497836523
catcher,1,0,0.013339322779,0.907999951497,0.0786607257238
unimaginative,-1,-1,0.869291878719,0.0150072763494,0.115700844932
trick,-1,0,0.24690097905,0.422367173041,0.330731847909
unprofessional,-1,-1,0.998243367355,0.000709825055006,0.00104680758993
satisfied,1,1,0.0328175994253,0.0258446234123,0.941337777162
ingredient,0,0,0.00963286267422,0.886136663028,0.104230474298
like,0,0,0.216156506247,0.515346725838,0.268496767914
gaudy,-1,1,0.0408754371724,0.0229895959621,0.936134966865
nifty,1,1,0.00282674839907,0.0124755157562,0.984697735845
apathy,-1,-1,0.966959465473,0.0180408903584,0.0149996441684
economical,1,1,0.0128503234207,0.0292827553064,0.957866921273
aspic,0,0,0.0290838841268,0.853202646693,0.11771346918
harsh,-1,-1,0.782936080592,0.00732111763099,0.209742801777
scratchy,-1,-1,0.601725523758,0.0332893582519,0.36498511799
cleverly,1,1,0.0156430883846,0.0226796809062,0.961677230709
sandwich,0,0,0.00171709992631,0.996490244364,0.00179265570936
dismal,-1,-1,0.549227226416,0.0129319308214,0.437840842763
review,0,0,0.28769066121,0.613467130518,0.0988422082714
pietra,0,0,0.148165571229,0.695304742101,0.15652968667
quacamole,0,0,0.197383803461,0.624275480536,0.178340716003
disgust,-1,-1,0.966023337651,0.0169436389377,0.0170330234109
peaceful,1,1,0.0180169450208,0.0193930368292,0.96259001815
salmon,0,0,0.00250610269917,0.991792183144,0.00570171415717
woe,-1,-1,0.735639928396,0.0861544058878,0.178205665716
gooseberry,0,0,0.00300223792065,0.976075049281,0.0209227127984
chowder,0,0,0.00454731571707,0.989047831202,0.00640485308048
painlessly,1,-1,0.978328867012,0.00237471621434,0.0192964167733
ackward,-1,-1,0.554913153843,0.278136856835,0.166949989322
agreeably,1,1,0.0120490391987,0.0160007506406,0.971950210161
ameliorate,1,-1,0.621053506355,0.0172845683263,0.361661925319
location,0,0,0.0115057238286,0.928021922951,0.0604723532206
befoul,-1,-1,0.862630483281,0.0900783122192,0.0472912044998
bouillon,0,0,4.97784811713e-05,0.992711147402,0.00723907411647
uncomfy,-1,0,0.405196718728,0.412370528013,0.182432753259
bore,-1,-1,0.908468768785,0.0724793378923,0.0190518933226
"maitre",0,0,0.197383803461,0.624275480536,0.178340716003
conspiratorial,-1,1,0.421924868156,0.0451066497566,0.532968482087
hominy,0,0,0.00541251532331,0.973791969406,0.0207955152709
impudent,-1,-1,0.556074579756,0.00886306206269,0.435062358182
torpor,-1,-1,0.95917038414,0.0215773817065,0.0192522341534
fascinate,1,1,0.0896569504685,0.0257795746549,0.884563474877
ricotta,0,0,9.63809125219e-06,0.996629275945,0.00336108596353
accommodative,1,1,0.227492804615,0.112506890483,0.660000304902
asparagus,0,0,0.00398554146864,0.986500919999,0.00951353853244
croissant,0,0,0.00322663089162,0.98854395092,0.00822941818855
venomously,-1,-1,0.935500077827,0.0394576025484,0.0250423196246
hovel,0,0,0.208690290129,0.691419009593,0.0998907002776
spoil,-1,1,0.309917258519,0.148480312585,0.541602428896
insult,-1,-1,0.991186479477,0.00459282436512,0.00422069615765
impair,-1,-1,0.875142071181,0.0495721659413,0.0752857628779
liquor,0,0,0.019631527137,0.969575834601,0.0107926382625
dismissive,-1,-1,0.915767779379,0.010268652829,0.0739635677919
coleslaw,0,0,6.11998340849e-05,0.991593488465,0.00834531170103
reject,-1,-1,0.952423217325,0.0340929663444,0.013483816331
margarine,0,0,0.00581808824014,0.986928854941,0.00725305681871
pestilent,-1,-1,0.865262178231,0.0798451265401,0.0548926952293
eclectic,1,1,0.000472541069025,0.00489180004283,0.994635658888
sweet,1,1,0.0251336351517,0.0680313699356,0.906834994913
felicitous,1,1,0.0144011758794,0.0222585970429,0.963340227078
deceitfully,-1,-1,0.884616055726,0.0412526739745,0.0741312702997
cloying,-1,-1,0.781016789515,0.0390167232922,0.179966487193
hostel,0,0,0.1422398903,0.848741676128,0.00901843357229
imposture,-1,-1,0.764273381133,0.199982448593,0.0357441702743
flawless,1,1,8.26037166733e-05,0.00309832120492,0.996819075078
generously,1,1,0.0182262492385,0.182349086989,0.799424663772
pleasurably,1,1,0.0276768448665,0.0977653327645,0.874557822369
scenery,0,0,0.0140246859739,0.971093391127,0.0148819228986
unappreciative,-1,-1,0.915377329421,0.0208264781146,0.0637961924644
lolly,0,0,0.00915856634529,0.864663980548,0.126177453107
downside,-1,0,0.305315246493,0.486549002239,0.208135751267
felicitate,1,1,0.0160884810081,0.0905842447691,0.893327274223
candy,0,0,0.0170655157842,0.902861415519,0.0800730686965
avocado,0,0,0.0145662724355,0.966376866665,0.0190568608999
beneficially,1,1,0.0898941645145,0.0814658796922,0.828639955793
coffee,0,0,0.00431670301152,0.98186893183,0.0138143651586
overcompensate,1,-1,0.719900486871,0.0716040296421,0.208495483487
rabid,-1,-1,0.973504298226,0.00352170483821,0.0229739969355
tire,-1,0,0.141622163654,0.754638802878,0.103739033468
helpful,1,1,0.0161979171469,0.0418207932429,0.94198128961
unimportant,-1,-1,0.875346010222,0.0155404607502,0.109113529028
profitable,1,1,0.0239156215416,0.0454261979118,0.930658180547
gross,-1,-1,0.984697391605,0.0101706902267,0.0051319181685
strudel,0,0,0.0102136756946,0.974312355933,0.0154739683729
deficiency,-1,-1,0.926372965835,0.0502018120655,0.0234252220996
unaccommodating,-1,-1,0.975271797003,0.00964906569537,0.0150791373015
awe,1,1,0.00623737738605,0.0274031355715,0.966359487042
cravenly,-1,-1,0.962421584423,0.0221099794202,0.0154684361568
moron,-1,-1,0.822652540554,0.147773187065,0.0295742723809
inappropriate,-1,-1,0.903034874522,0.0180178171431,0.0789473083349
dessserts,0,0,0.197383803461,0.624275480536,0.178340716003
tamale,0,0,5.16229719323e-05,0.992575238001,0.00737313902745
"ill-used",-1,0,0.197383803461,0.624275480536,0.178340716003
importunate,-1,-1,0.699725410527,0.0655337005324,0.234740888941
tasty,1,1,0.00689648286897,0.142559951862,0.850543565269
disgustful,-1,-1,0.937080020826,0.0422240873757,0.0206958917979
milkshake,0,0,0.00152055420922,0.995094111244,0.00338533454684
thin,0,-1,0.655306504518,0.0616926368459,0.283000858636
rude,-1,-1,0.99650583703,0.00240148231538,0.00109268065422
dismay,-1,-1,0.964225801043,0.0124944277145,0.0232797712424
happy,1,1,0.013440739601,0.0394425114027,0.947116748996
satisfied,1,1,0.0328175994253,0.0258446234123,0.941337777162
good,1,1,0.0148316425547,0.0589271961413,0.926241161304
positive,1,1,0.117651556238,0.0198550102318,0.86249343353
excellent,1,1,0.000148632113937,0.00637554777209,0.993475820114
flawless,1,1,8.26037166733e-05,0.00309832120492,0.996819075078
unimpaired,1,1,0.263165338337,0.064021081605,0.672813580058
unhappy,-1,1,0.441582853551,0.0101200336362,0.548297112813
unsatisfied,-1,-1,0.934947824692,0.00446638243559,0.0605857928723
bad,-1,-1,0.972840266176,0.0105280756446,0.0166316581792
negative,-1,1,0.233734625705,0.0537987064442,0.712466667851
poor,-1,-1,0.979762683877,0.00432370419174,0.0159136119312
flawed,-1,-1,0.863089471962,0.00549750247055,0.131413025567
defective,-1,-1,0.939379066553,0.0380854479348,0.022535485512
food,0,0,0.00261772531959,0.980316068478,0.0170662062025
building,0,0,0.0357380464075,0.876785931058,0.087476022534
