word,Actual_Polarity,Calc_Polarity,NegativeSimilarity,NeutralSimilarity,PositiveSimilarity
outstand,1,0,0.125467682596,0.456618434922,0.417913882482
disgust,-1,-1,0.965086954897,0.0157159098464,0.019197135257
lighting,0,0,0.266392079048,0.712880138098,0.0207277828537
substandard,-1,-1,0.98984772518,0.00137989322536,0.00877238159434
worthlessly,-1,0,0.194443992831,0.625522471024,0.180033536145
calumniously,-1,0,0.194443992831,0.625522471024,0.180033536145
devious,-1,-1,0.988265477212,0.00150690011887,0.0102276226691
meatloaf,0,0,7.57229941406e-06,0.998575639649,0.00141678805137
hazelnut,0,0,0.00164876739751,0.99262700598,0.00572422662205
horrendously,-1,-1,0.935693111606,0.00168465457323,0.0626222338206
light,0,0,0.0872319823128,0.498619401024,0.414148616663
bother,-1,-1,0.701509906938,0.152169943232,0.14632014983
belligerently,-1,-1,0.981159761866,0.00514666420651,0.0136935739271
marzipan,0,0,0.00367928087711,0.976230044624,0.020090674499
practical,1,1,0.0833758587627,0.260712929536,0.655911211701
winningest,1,1,0.0334795726291,0.284482247599,0.682038179771
extensive,1,1,0.0174646730688,0.0370296175297,0.945505709401
wheat,0,0,0.00450551522644,0.989418879424,0.00607560534989
cobweb,0,-1,0.668786101626,0.294079525795,0.037134372579
basil,0,0,0.00085863362837,0.941463929871,0.0576774365005
squab,0,0,0.00528656854754,0.967337531842,0.0273758996107
altruistic,1,1,0.0278055588627,0.00636981077204,0.965824630365
smutty,-1,-1,0.894019625634,0.0363810155553,0.0695993588104
ribbon,0,0,0.0119336694264,0.790244812561,0.197821518012
grubby,-1,-1,0.991577611621,0.00074979704075,0.0076725913387
teapot,0,0,0.00607509066944,0.963441617487,0.0304832918432
train,1,0,0.0489528248745,0.85877888143,0.0922682936957
insupportably,-1,0,0.194443992831,0.625522471024,0.180033536145
celery,0,0,0.00405931001219,0.991155448165,0.00478524182255
monstrously,-1,-1,0.777248793456,0.137696306133,0.0850549004104
aggressive,-1,-1,0.777964515929,0.0183532288718,0.203682255199
entertain,1,1,0.195279473,0.0587502529523,0.745970274048
disgust,-1,-1,0.965086954897,0.0157159098464,0.019197135257
price,0,0,0.0388108446063,0.909132174112,0.0520569812817
kickass,-1,1,0.0128061630898,0.0424105415619,0.944783295348
pan,0,0,0.00778973461551,0.897386693655,0.094823571729
revere,1,1,0.0769535802149,0.409969998917,0.513076420868
indecently,-1,-1,0.750814171974,0.0472508458602,0.201934982166
accomodative,1,1,0.301529859048,0.220237781574,0.478232359378
repressive,-1,-1,0.598028920116,0.00261460587428,0.39935647401
illogic,-1,-1,0.996577541292,0.00249409250198,0.000928366205878
torpidity,-1,-1,0.647346570676,0.206726497241,0.145926932083
ridiculous,-1,-1,0.918441062321,0.0105122673251,0.0710466703538
sicken,-1,-1,0.972290497986,0.00488703001759,0.0228224719968
transcendent,1,1,0.00452487477568,0.00954966606621,0.985925459158
acrid,-1,-1,0.900811592737,0.00509937141387,0.0940890358487
grumpily,-1,-1,0.959401952699,0.0299263195694,0.0106717277319
enchant,1,1,0.00237939662876,0.00725211942657,0.990368483945
enchantingly,1,1,0.0513931319528,0.242988299436,0.705618568611
saute,0,0,1.70379720336e-05,0.996010584154,0.00397237787388
cognac,0,0,0.0336858753055,0.919640876141,0.0466732485538
appalling,-1,-1,0.990809194687,0.00064985893617,0.00854094637685
insult,-1,-1,0.991167289265,0.00391296145537,0.00491974927953
appropriate,1,1,0.0145459554493,0.0315527878587,0.953901256692
walnut,0,0,0.0141804047987,0.979038442939,0.0067811522618
apprehensively,-1,-1,0.612790503766,0.163870888334,0.2233386079
handsomely,1,1,0.0089082289151,0.0460355469507,0.945056224134
peppy,1,1,0.00775960231564,0.00263086819203,0.989609529492
derogatory,-1,-1,0.991731154328,0.00169151414058,0.00657733153159
kiwi,0,0,0.114143347258,0.813178770083,0.0726778826595
scornfully,-1,-1,0.9813717907,0.00729950687411,0.0113287024258
gelatin,0,0,0.00709980879569,0.917648924285,0.0752512669189
rotten,-1,-1,0.87968804396,0.0305373421688,0.0897746138708
harshly,-1,-1,0.908522071479,0.0107630254261,0.0807149030948
roll,0,0,0.0284630530849,0.64066211571,0.330874831205
abrupt,-1,-1,0.95953237507,0.00557162476551,0.0348960001644
talented,1,1,0.00208686095922,0.00821148028094,0.98970165876
huge,0,1,0.138175987699,0.0816875993415,0.780136412959
heavenly,1,1,0.0107180528703,0.0334251585156,0.955856788614
rapture,1,-1,0.664498697151,0.305442378851,0.0300589239984
regrettable,-1,-1,0.976111581354,0.00116482597731,0.0227235926686
meal,0,0,0.00238187621014,0.888801805829,0.108816317961
mess,-1,-1,0.816766752844,0.153438541301,0.0297947058549
clam,0,0,0.0128645297836,0.959602665733,0.0275328044837
slowwww,-1,0,0.194443992831,0.625522471024,0.180033536145
request,0,0,0.0658345805001,0.669772916771,0.264392502729
thankful,1,1,0.0812224173691,0.0227017813603,0.896075801271
delectation,1,1,0.171226532038,0.355132003046,0.473641464917
awesomely,1,1,0.0397698240074,0.0423882628814,0.917841913111
beauty,1,1,0.0157199143428,0.413380753506,0.570899332151
majestic,1,1,0.00756500227986,0.0359822787606,0.956452718959
exquisite,1,1,0.00285658173865,0.0125433801984,0.984600038063
entire,0,1,0.139783063061,0.22177862934,0.6384383076
hartshorn,0,0,0.194443992831,0.625522471024,0.180033536145
valiant,1,1,0.132319283931,0.0267003782987,0.84098033777
magnificent,1,1,0.000190471275762,0.00446036092607,0.995349167798
ration,0,0,0.00606989043402,0.960005728486,0.03392438108
seedy,-1,-1,0.878491276337,0.0270957997927,0.0944129238702
guava,0,0,0.00135016126299,0.989879013985,0.00877082475226
joyfully,1,1,0.0646835684887,0.0224106970673,0.912905734444
marinara,0,0,0.00401646672584,0.981091730686,0.0148918025882
disastrously,-1,-1,0.975457217178,0.00183671216075,0.0227060706612
overcharge,-1,-1,0.847760818026,0.11615008501,0.036089096964
disgraceful,-1,-1,0.796432059052,0.00550578779116,0.198062153157
atrocious,-1,-1,0.943657984715,0.00627649277202,0.0500655225133
maliciously,-1,-1,0.995172504985,0.00131940006026,0.00350809495466
sloooow,-1,-1,0.872687516487,0.0123171252215,0.114995358291
uncivil,-1,-1,0.973890648689,0.00334237426041,0.0227669770507
burger,0,0,9.95888173651e-06,0.997847888943,0.00214215217574
spirited,1,1,0.0633033651785,0.01969741677,0.916999218051
tremendous,1,1,0.0028902893314,0.0107625973087,0.98634711336
nauseate,-1,-1,0.893568229405,0.0482926087139,0.0581391618813
trashy,-1,0,0.502384393817,0.0264552666432,0.471160339539
spurious,-1,-1,0.979472208651,0.00274585560869,0.0177819357405
servant,0,0,0.0242689670663,0.803171811649,0.172559221285
compliment,1,1,0.170412473434,0.148172747784,0.681414778782
malevolently,-1,-1,0.935894239573,0.0390075685935,0.0250981918331
regrettably,-1,-1,0.969399958235,0.00802047258099,0.022579569184
"high_quality",1,0,0.194443992831,0.625522471024,0.180033536145
macaroon,0,0,0.00503675101888,0.981594354478,0.0133688945036
bitch,-1,-1,0.555323467766,0.426520609077,0.018155923157
blissful,1,1,0.0448114049817,0.0320085287071,0.923180066311
unusable,-1,-1,0.747444259007,0.185558364187,0.0669973768058
abundant,1,1,0.0570362716966,0.0523621266218,0.890601601682
wholesome,1,1,0.0209863075336,0.0887362248085,0.890277467658
hall,0,0,0.0245179970169,0.950770338718,0.0247116642649
complacent,-1,1,0.081416995288,0.00283423645841,0.915748768254
delivery,0,0,0.0553430674281,0.880111917406,0.064545015166
passivity,-1,-1,0.994783477831,0.00193155800835,0.00328496416051
harmful,-1,-1,0.972172583656,0.00498937288347,0.0228380434605
delectable,1,1,0.00398855956053,0.0419346356098,0.95407680483
valiantly,1,1,0.0733887412509,0.027234407,0.899376851749
section,0,0,0.0216655585972,0.966978839816,0.0113556015866
confusing,-1,-1,0.973173653334,0.00587852515974,0.0209478215067
talent,1,0,0.0640954911499,0.639893712492,0.296010796358
enthusiastically,1,1,0.00408456298957,0.00385499815547,0.992060438855
smugly,-1,-1,0.969475649261,0.00208963572876,0.0284347150099
glad,1,1,0.0120551595777,0.0528045539561,0.935140286466
pickle,0,0,0.163678452669,0.798761508409,0.0375600389214
ladyfinger,0,0,0.00740074858738,0.973029946569,0.0195693048434
grandioso,1,0,0.194443992831,0.625522471024,0.180033536145
pomegranate,0,0,0.0013318888093,0.993394962334,0.00527314885623
corner,0,0,0.0344823086061,0.907609252741,0.0579084386526
merit,1,1,0.0757535362846,0.357001571203,0.567244892513
stupidly,-1,-1,0.929190040165,0.00751847177994,0.0632914880547
basic,0,1,0.0793805119638,0.115032525867,0.805586962169
disrespectfully,-1,-1,0.946974628408,0.0281887847087,0.024836586883
caviar,0,0,0.0004373110914,0.976578462959,0.0229842259491
poor,-1,-1,0.976900005258,0.00471875906676,0.0183812356756
lemon,0,0,1.43921709711e-05,0.997763729725,0.00222187810421
"ill-favored",-1,0,0.194443992831,0.625522471024,0.180033536145
option,0,0,0.137286931526,0.731706206746,0.131006861728
cabernet,0,0,0.0018284441389,0.970187433295,0.0279841225659
legume,0,0,0.00627216054936,0.980209667464,0.0135181719866
acceptable,1,1,0.0590884149909,0.0362591845955,0.904652400414
virtuously,1,1,0.249054441382,0.0873246139897,0.663620944629
curry,0,0,0.00186139690179,0.987563306135,0.010575296963
trust,1,-1,0.624110888338,0.138883886087,0.237005225574
snob,0,0,0.351775935447,0.471285197571,0.176938866982
caper,0,0,0.0480304672496,0.917830484608,0.0341390481428
hoodwink,-1,-1,0.874170796759,0.0430158998693,0.0828133033712
grit,0,0,0.133308537499,0.462892410989,0.403799051512
subpar,-1,-1,0.862563532956,0.027642612005,0.109793855039
damn,-1,0,0.189341009936,0.408882537485,0.401776452579
rile,-1,-1,0.542707462254,0.411009034613,0.0462835031327
wrap,0,0,0.109969534103,0.748290925978,0.141739539919
caraway,0,0,0.00225737060995,0.978301155352,0.0194414740384
order,0,0,0.142834912542,0.774794813618,0.0823702738393
frustrate,-1,-1,0.965485203944,0.00927519760712,0.0252395984488
imaginative,1,1,0.009074146339,0.0123198355639,0.978606018097
ineloquently,-1,0,0.194443992831,0.625522471024,0.180033536145
fuss,-1,-1,0.779558969543,0.163233776589,0.0572072538674
stupidity,-1,-1,0.951303258822,0.0316263610732,0.0170703801043
pastry,0,0,0.00348535643994,0.928555565075,0.0679590784846
overpay,0,-1,0.483310576406,0.287027681611,0.229661741983
wedding,0,0,0.00695511474275,0.957564252441,0.0354806328163
festive,1,1,0.0494761953549,0.0967893173648,0.85373448728
terrace,0,0,0.00365055590843,0.892583038385,0.103766405707
agave,0,0,0.00109606856744,0.986326689946,0.0125772414865
riveting,1,1,0.00744607742538,0.00639338502963,0.986160537545
alarm,-1,0,0.357674661764,0.624597228573,0.017728109663
scene,0,0,0.0220779989969,0.94484901394,0.0330729870628
inhospitable,-1,1,0.339106876754,0.0247065012106,0.636186622035
unhappiness,-1,-1,0.798960734247,0.126378185163,0.0746610805895
flower,0,0,0.00376075312492,0.976036151204,0.0202030956709
nark,1,-1,0.70555065615,0.252068041472,0.0423813023777
enjoyable,1,1,0.00125694932232,0.00774488110433,0.990998169573
toffee,0,0,0.0295659011949,0.854142922732,0.116291176073
skewer,0,-1,0.669178652637,0.261297812835,0.0695235345281
wondrous,1,1,0.00236431689848,0.0109988127712,0.98663687033
gourmet,1,1,0.0017446826549,0.275566109047,0.722689208298
worry,-1,-1,0.871475661688,0.0921723315794,0.0363520067321
haddock,0,0,0.0194818502896,0.958902712546,0.0216154371647
bemuse,-1,-1,0.618708913371,0.0667166131905,0.314574473438
"ill-natured",-1,0,0.194443992831,0.625522471024,0.180033536145
caffe,0,0,0.00631446644878,0.951979819621,0.0417057139302
inedible,-1,-1,0.815256433122,0.160726702686,0.0240168641923
fry,0,0,0.0113760559037,0.980299327899,0.00832461619767
adverse,-1,-1,0.980504118189,0.00427496968728,0.0152209121238
appetizer,0,0,8.5324395452e-05,0.989742582771,0.0101720928331
tender,1,1,0.0102399781377,0.0559006211223,0.93385940074
sickly,-1,-1,0.975935453207,0.0041711969082,0.0198933498848
pear,0,0,1.67004485953e-06,0.999021595474,0.000976734481622
betray,-1,-1,0.977130903987,0.0078966988559,0.0149723971573
atmoshere,0,0,0.194443992831,0.625522471024,0.180033536145
affectionate,1,1,0.0948344632091,0.00621051198524,0.898955024806
annoy,-1,-1,0.951645185282,0.00360493295012,0.0447498817675
succotash,0,0,0.00505499208296,0.972180298554,0.022764709363
tinny,-1,-1,0.798737858312,0.0979314374108,0.103330704277
deplore,-1,-1,0.949485159996,0.00834956013187,0.0421652798723
cantaloupe,0,0,0.00181304384375,0.994382864041,0.00380409211482
kabob,0,0,7.09737579352e-05,0.991261829238,0.00866719700359
boring,-1,-1,0.978143904972,0.00855031503396,0.0133057799936
feeble,-1,-1,0.996322921947,0.000526801696868,0.00315027635579
crude,-1,-1,0.967852462468,0.00864468790941,0.0235028496226
lobster,0,0,2.10590560642e-05,0.997390109253,0.00258883169135
wild_rice,0,0,0.194443992831,0.625522471024,0.180033536145
desk,0,0,0.00634406716184,0.973521041457,0.0201348913813
frontman,0,0,0.0341349534301,0.888236073266,0.0776289733039
enticing,1,1,0.0217689124513,0.041681056419,0.93655003113
authentic,1,1,0.0100314925489,0.0346807500059,0.955287757445
overrate,-1,-1,0.769606820553,0.0336614373013,0.196731742146
dirty,0,0,0.450409722576,0.0563444651333,0.49324581229
cucumber,0,0,0.00161301707474,0.987731019512,0.0106559634131
gloriously,1,1,0.0712411266972,0.0147648696263,0.913994003677
terrible,-1,-1,0.982293241517,0.00329255197666,0.0144142065067
affordably,1,1,0.0131196436149,0.369456672143,0.617423684242
harassment,-1,-1,0.904132168925,0.0853196190657,0.0105482120091
melt,1,0,0.0521469304176,0.866013698779,0.0818393708037
heartily,1,1,0.000721142602968,0.00786819655763,0.991410660839
overzealous,-1,-1,0.962984585376,0.013721632146,0.0232937824784
heavy-handed,-1,0,0.194443992831,0.625522471024,0.180033536145
gluten,0,0,0.00860962274965,0.975775371864,0.0156150053862
heartless,-1,-1,0.978742997829,0.00132863292941,0.0199283692417
endear,1,1,0.0248481078317,0.0109849685618,0.964166923607
slanderous,-1,-1,0.995056005653,0.000879328752952,0.00406466559418
comfort,0,0,0.029335729476,0.499133052219,0.471531218304
syrah,0,0,0.000348182962039,0.978918046715,0.0207337703227
montparnasse,0,0,0.194443992831,0.625522471024,0.180033536145
gracefully,1,1,0.0135288389185,0.0449320629913,0.94153909809
nasty,-1,-1,0.897219810881,0.0314248257471,0.071355363372
hysterically,-1,1,0.418764115407,0.0117991315146,0.569436753078
pudding,0,0,0.00397531225149,0.976225090786,0.0197995969624
motel,0,0,0.0165528174702,0.95216716208,0.0312800204495
veggies,0,0,0.000163420768133,0.986144850077,0.0136917291552
antipasto,0,0,7.06142290195e-05,0.990887618849,0.0090417669223
torpiness,-1,0,0.194443992831,0.625522471024,0.180033536145
treacherously,-1,-1,0.779580948981,0.0364585604432,0.183960490576
food,0,0,0.00251113401621,0.979968125728,0.017520740256
smooth,1,1,0.0118324739329,0.0411727717915,0.946994754276
pack,-1,0,0.103154599564,0.88300159506,0.0138438053768
torturous,-1,-1,0.782753594598,0.00880337680645,0.208443028595
blameless,1,-1,0.950144339439,0.00663213548303,0.0432235250783
busboy,0,0,0.106957055278,0.818123309595,0.0749196351278
fromager,0,0,0.0920438931848,0.714192077801,0.193764029014
annihilate,-1,0,0.317271135258,0.477527647896,0.205201216846
success,1,0,0.0347390255331,0.66111834233,0.304142632137
balsamic,0,0,0.00565215661886,0.853502020809,0.140845822572
bean,0,0,0.0212621512441,0.905138151368,0.0735996973877
doughnut,0,0,0.00357633404817,0.976268305866,0.0201553600854
uncompetitive,-1,-1,0.962649849768,0.0186945850775,0.0186555651547
next,0,0,0.0646351169782,0.452962359853,0.482402523169
dark,0,-1,0.77250094681,0.113817196486,0.113681856704
awe,1,1,0.00629603536836,0.0268309929541,0.966872971678
piteous,-1,-1,0.994240611396,0.00151178187541,0.00424760672892
hilarious,1,1,0.00660550797078,0.0131467941227,0.980247697907
outperformance,1,0,0.0521330701332,0.513163119747,0.43470381012
arrogant,-1,-1,0.996231115837,0.000453973475634,0.00331491068689
thai,0,0,0.052100882674,0.765739402773,0.182159714552
attractively,1,1,0.0623357453356,0.110902227973,0.826762026692
"%c%c*bread",0,0,0.194443992831,0.625522471024,0.180033536145
sarcastically,-1,-1,0.843696191588,0.0674944683093,0.0888093401024
present,0,1,0.0725941536988,0.332137922039,0.595267924262
joint,0,0,0.146828904186,0.58760473631,0.265566359505
alcohol,0,0,0.0548688288811,0.931933143359,0.01319802776
discontented,-1,1,0.264776865913,0.0232934656885,0.711929668398
sparerib,0,0,0.194443992831,0.625522471024,0.180033536145
appallingly,-1,-1,0.98031592779,0.000807979835061,0.0188760923746
staid,-1,-1,0.554014145546,0.0208337125681,0.425152141886
shrimp,0,0,4.48993719166e-06,0.997953450349,0.00204205971381
throw,-1,0,0.140867076532,0.518760529464,0.340372394004
waitstaffs,0,0,0.133299974597,0.640795575502,0.225904449901
costly,0,1,0.126870122763,0.0761555401369,0.7969743371
ashamed,-1,-1,0.817670096825,0.00712629500825,0.175203608167
quarrelsome,-1,-1,0.971000961087,0.00607389842325,0.0229251404895
mussles,0,0,0.00526619584013,0.891134235412,0.103599568748
ingeniously,1,1,0.00873333169836,0.0234071833102,0.967859484991
brutally,-1,-1,0.767184446704,0.0148056125691,0.218009940727
disgust,-1,-1,0.965086954897,0.0157159098464,0.019197135257
unprofitable,-1,-1,0.859434922847,0.0264304090916,0.114134668062
nectar,0,0,0.0154147810108,0.688131278769,0.29645394022
calumnious,-1,-1,0.951641988791,0.0287304828034,0.0196275284052
simple,0,1,0.0473061412704,0.0376473641534,0.915046494576
defamatory,-1,-1,0.854451815485,0.00559120253372,0.139956981982
run-down,-1,0,0.194443992831,0.625522471024,0.180033536145
bounteous,1,1,0.0232682498806,0.10695739136,0.86977435876
dishonorablely,-1,0,0.194443992831,0.625522471024,0.180033536145
flounder,0,0,0.522592691813,0.44610820845,0.0312990997367
mousse,0,0,0.000586380161145,0.972114886108,0.0272987337306
ramshackle,-1,-1,0.905646053439,0.0575640470383,0.0367898995227
quaint,1,1,0.162229566646,0.0406759308305,0.797094502523
top_notch,1,0,0.194443992831,0.625522471024,0.180033536145
sweetness,1,0,0.019728132944,0.67531406445,0.304957802606
crowd,-1,0,0.171226228072,0.693804990949,0.134968780979
ignorance,-1,-1,0.987209449005,0.0102554614029,0.00253508959231
ramp,0,0,0.0232982585735,0.8938868642,0.0828148772268
overprice,-1,-1,0.886774961411,0.0901387196292,0.0230863189601
tiresome,-1,-1,0.989999735454,0.000950345124402,0.00904991942169
must,1,1,0.0104423710937,0.18259107111,0.806966557796
occasion,0,0,0.062179191079,0.60169068767,0.336130121251
scant,-1,-1,0.867032283725,0.0465158095114,0.0864519067633
snobish,-1,0,0.194443992831,0.625522471024,0.180033536145
beat,-1,-1,0.44088293541,0.287619058598,0.271498005992
stellar,1,1,0.000170420975374,0.00429716891768,0.995532410107
impressively,1,1,0.0644324350623,0.0239796078452,0.911587957092
disparage,-1,-1,0.855625749127,0.0255189180229,0.11885533285
heaviness,-1,-1,0.912075016595,0.0690575499163,0.0188674334885
borscht,0,0,0.0157060436059,0.965195088129,0.0190988682648
view,0,0,0.126542757811,0.661695065108,0.21176217708
dreck,-1,-1,0.914136915603,0.0647947496073,0.0210683347893
admiration,1,1,0.0152624860579,0.0612512862812,0.923486227661
belittle,-1,-1,0.974919018191,0.0024121478311,0.0226688339779
cram,-1,-1,0.958077860167,0.0190408526895,0.0228812871434
collard,0,0,0.00448930732485,0.985581097782,0.00992959489268
pecan,0,0,0.00205474293876,0.991665765329,0.00627949173228
masterful,1,1,0.000721161530914,0.00600266293345,0.993276175536
great,0,1,0.00375182552422,0.017248251713,0.978999922763
cook,0,0,0.0062687711028,0.971732874474,0.0219983544233
souffle,0,0,0.00930157096522,0.931932905839,0.0587655231962
high-spirited,1,0,0.194443992831,0.625522471024,0.180033536145
beautiful,1,1,0.0139886262757,0.0751250662518,0.910886307473
surpass,1,1,0.103432066368,0.067576740918,0.828991192714
chick,0,0,0.0849518856583,0.877877546205,0.0371705681367
refresh,1,1,0.13291589551,0.140907655761,0.726176448728
water,0,0,0.0324184957748,0.93435267555,0.0332288286753
stuffy,-1,0,0.515483019582,0.0272992359227,0.457217744495
dextrous,1,1,0.0440238724759,0.0627748986825,0.893201228842
uninteresting,-1,-1,0.986769957948,0.00274747166435,0.0104825703875
swordfish,0,0,0.00242920468289,0.990931401974,0.00663939334333
endear,1,1,0.0248481078317,0.0109849685618,0.964166923607
cheerless,-1,-1,0.547142569487,0.0743400787108,0.378517351802
dreadful,-1,-1,0.855513708879,0.00424999380983,0.140236297311
accomodating,1,1,0.0094447567317,0.0455371987803,0.945018044488
healthy,1,1,0.0295668141952,0.0405465442205,0.929886641584
feebleminded,-1,-1,0.952196836648,0.0323481925232,0.0154549708284
elegant,1,1,0.00578203765588,0.0272901356958,0.966927826648
presumptuously,-1,-1,0.823556592954,0.0603429532319,0.116100453814
slanderously,-1,-1,0.804596638649,0.146701271672,0.0487020896791
granola,0,0,0.035153554065,0.932597498379,0.0322489475559
anchovy,0,0,0.00243280437869,0.991740219395,0.00582697622655
true,0,1,0.0118747759666,0.0417633420451,0.946361881988
kohlrabi,0,0,0.0036202074336,0.980555596944,0.0158241956221
dolt,-1,-1,0.74602968247,0.168326661035,0.0856436564957
guiness,0,0,0.0153328012509,0.807657834362,0.177009364387
perverse,-1,-1,0.864813221821,0.00849781784895,0.12668896033
woeful,-1,-1,0.926720648126,0.00193973480769,0.071339617066
citronella,0,0,0.00565317129386,0.975311197355,0.0190356313511
humourous,1,1,0.196816463316,0.00671888844425,0.79646464824
kringle,0,0,0.00128713624135,0.976871819794,0.021841043965
sneakily,-1,1,0.389487128107,0.0862730512885,0.524239820604
ineffectively,-1,-1,0.909572842023,0.0130732211643,0.0773539368129
scrumptious,1,1,0.00657800035138,0.0757084242846,0.917713575364
idiot,-1,-1,0.892716367401,0.0873831778575,0.0199004547414
stylish,1,1,0.00753406287288,0.0234995403744,0.968966396753
ominously,-1,-1,0.872130057622,0.0314012248661,0.0964687175118
patty,0,0,1.37878946637e-05,0.99612891038,0.00385730172541
kingfish,0,0,0.00284285578572,0.987641460384,0.00951568382982
irreproachable,1,1,0.00724096939168,0.0145769598812,0.978182070727
greatness,1,1,0.0313145520732,0.349242863842,0.619442584084
nightmarish,-1,1,0.306083363692,0.0164913735667,0.677425262741
vulgar,-1,-1,0.945132677912,0.0222369197754,0.0326304023121
fish,0,0,0.0027468402751,0.992164456205,0.00508870351992
chutney,0,0,0.00382604791412,0.987169053027,0.00900489905839
negligent,-1,-1,0.971158591326,0.003893130448,0.0249482782262
selection,0,0,0.00633987638277,0.850402183103,0.143257940514
artwork,0,0,0.0367913327823,0.879042678383,0.0841659888351
menu,0,0,0.00282748099758,0.979033088328,0.0181394306747
plague,-1,-1,0.573235229422,0.406620874858,0.0201438957195
listlessness,-1,-1,0.921859603618,0.0120222638823,0.0661181324995
judicious,1,1,0.163123818469,0.0170434438054,0.819832737726
hostess,0,0,0.0706583307558,0.905877981066,0.0234636881784
guiltily,-1,-1,0.67296262461,0.0185822062072,0.308455169183
hash,0,0,0.133185280991,0.770047661513,0.0967670574956
friend,0,0,0.0513792452058,0.917864506374,0.0307562484203
credulous,-1,-1,0.963867524341,0.0131401165305,0.022992359129
overlook,-1,-1,0.873102760931,0.067196407887,0.0597008311815
hideously,-1,-1,0.994432571673,0.000392231789067,0.00517519653841
unforgetable,1,1,0.00626316225252,0.0284708057781,0.965266031969
excellant,1,1,0.00258321021807,0.0115920497276,0.985824740054
strange,-1,-1,0.825355206377,0.0443020148993,0.130342778724
sickeningly,-1,0,0.523904180452,0.0101853103265,0.465910509221
place,0,0,0.028409672005,0.929276955636,0.042313372359
mincemeat,0,0,0.270083343462,0.499862219405,0.230054437133
straw,0,0,0.322094690703,0.647366193394,0.0305391159026
improvement,1,0,0.138413233397,0.411956421996,0.449630344607
deceive,-1,-1,0.933488773893,0.00912540160351,0.0573858245036
appal,-1,-1,0.84251296506,0.0308665001285,0.126620534811
dastardly,-1,-1,0.842284292298,0.0106398762015,0.1470758315
devour,1,1,0.347509363405,0.17597462066,0.476516015935
"ill-fated",-1,0,0.194443992831,0.625522471024,0.180033536145
nastily,-1,-1,0.976962745008,0.019511135477,0.00352611951466
acerbically,-1,1,0.126690281976,0.0169488049702,0.856360913054
martini,0,0,0.00033220100607,0.979242780376,0.0204250186176
malicious,-1,-1,0.996930228497,0.000411488605439,0.00265828289726
flavor,0,0,0.00871456282361,0.949228282486,0.0420571546906
granite,0,0,0.352582688311,0.278957798924,0.368459512765
friendly,1,1,0.0111056688236,0.0346153323464,0.95427899883
morel,0,0,0.0247260075068,0.948944082108,0.0263299103848
fearful,-1,1,0.25633248855,0.0135008213434,0.730166690107
admirably,1,1,0.00211948225025,0.00674601314261,0.991134504607
infamously,-1,-1,0.830950480752,0.0181508462057,0.150898673042
delight,1,1,0.00888941822478,0.0411246006184,0.949985981157
cocoa,0,0,8.44086714662e-07,0.999459692774,0.000539463139432
aesthetics,0,0,0.0450019626631,0.813582793523,0.141415243814
humorless,-1,-1,0.981028860791,0.00524461706772,0.013726522141
classy,1,1,0.00499049710533,0.0211636039349,0.97384589896
sommelier,0,0,0.00199889713718,0.941457958542,0.0565431443206
counter,0,0,0.289400526414,0.577877327081,0.132722146506
showeroom,0,0,0.194443992831,0.625522471024,0.180033536145
sinister,-1,-1,0.748340647759,0.0226212763719,0.229038075869
joyously,1,1,0.0054239561851,0.0110317598477,0.983544283967
excel,1,1,0.000233970909525,0.00796244660391,0.991803582487
pea,0,0,0.00690938123838,0.983851642115,0.00923897664688
badly,-1,-1,0.935550514355,0.00717365387422,0.0572758317711
stupendously,1,1,0.174508391095,0.0327293220538,0.792762286851
dollar,0,0,0.13641165769,0.73965983639,0.12392850592
stylishly,1,1,0.017088818405,0.0547536814799,0.928157500115
obscenely,-1,-1,0.877662087611,0.0120437126359,0.110294199753
irk,-1,-1,0.772892852409,0.00719104046992,0.219916107121
sumptuous,1,1,0.00145435254071,0.00898162558285,0.989564021876
inability,-1,-1,0.777842041425,0.0948081818462,0.127349776729
roofdeck,0,0,0.0369158324183,0.843917494997,0.119166672585
bulky,-1,-1,0.869727148292,0.0444906231209,0.0857822285872
raging,-1,-1,0.950798757252,0.0244808563423,0.0247203864056
misbegotten,-1,-1,0.841460064663,0.0253334166921,0.133206518645
transcend,1,1,0.093105768279,0.0353228459691,0.871571385752
luminary,1,1,0.043153689568,0.254446510413,0.702399800019
junk,-1,0,0.20927447344,0.692855426755,0.0978700998051
"so-so",-1,0,0.194443992831,0.625522471024,0.180033536145
surround,0,1,0.05092130175,0.121820948535,0.827257749715
deliver,0,0,0.135401381599,0.422889135841,0.44170948256
unwatchable,-1,-1,0.964440333603,0.00138722502884,0.034172441368
loveable,1,1,0.0755755082191,0.0116767154618,0.912747776319
soda,0,0,0.0165432588627,0.970283265283,0.0131734758546
successfully,1,1,0.0162501667586,0.0339364188844,0.949813414357
enchant,1,1,0.00237939662876,0.00725211942657,0.990368483945
bungle,-1,-1,0.980788827845,0.0141480378993,0.00506313425517
unpalatable,-1,-1,0.722667455468,0.0233664185988,0.253966125934
indifferent,-1,-1,0.932185255519,0.00635960015315,0.061455144328
yellowtail,0,0,0.00153153707224,0.981966746894,0.016501716034
resort,0,0,0.24227048136,0.727996391349,0.0297331272907
nefariously,-1,-1,0.947716929258,0.033586569334,0.0186965014079
patio,0,0,7.39467323365e-05,0.990491971978,0.00943408128937
adroit,1,1,0.00138514185082,0.0083632142901,0.990251643859
dependable,1,1,0.00086580780536,0.00617161120861,0.992962580986
spice,0,0,0.0159706400803,0.968301282308,0.0157280776115
despondently,-1,-1,0.816121424822,0.108974079538,0.0749044956405
bluefish,0,0,0.00407814399136,0.988127638851,0.0077942171581
nuisance,-1,-1,0.958561880129,0.0297673495089,0.0116707703622
cappuccino,0,0,0.0257712678893,0.937551115274,0.0366776168363
own,0,1,0.239564840167,0.266899553601,0.493535606232
honesty,1,1,0.0874219140209,0.200574947109,0.71200313887
quality,0,1,0.0490511233169,0.418561929144,0.532386947539
blissfully,1,1,0.0318683064375,0.0501304264312,0.918001267131
staunch,1,-1,0.543590906992,0.0156049759076,0.4408041171
sangria,0,0,2.74949710021e-05,0.994893323053,0.00507918197571
okra,0,0,0.00412554620197,0.987140906311,0.00873354748677
cocktail,0,0,0.0129838982157,0.953684149073,0.0333319527113
maladjusted,-1,-1,0.997610623676,0.00107322396201,0.00131615236152
wayward,-1,-1,0.796668646994,0.036003681089,0.167327671917
prosperous,1,0,0.436090124931,0.0843228598811,0.479587015188
zwieback,0,0,0.194443992831,0.625522471024,0.180033536145
cruelly,-1,-1,0.903168067267,0.00764404205326,0.08918789068
trustworthy,1,1,0.0182659025944,0.0858466382861,0.895887459119
decent,0,1,0.0359923933239,0.0584284648777,0.905579141798
disappointingly,-1,-1,0.978694104996,0.00849650814262,0.0128093868615
pics,0,0,0.264309060783,0.621265996473,0.114424942744
breathtaking,1,1,0.00399050569337,0.0166016281608,0.979407866146
despairing,-1,-1,0.975766117809,0.00149919621061,0.0227346859809
mango,0,0,0.00980811383614,0.985100883146,0.00509100301777
adoringly,1,1,0.0176145551738,0.0286501936794,0.953735251147
tortilla,0,0,1.16952510876e-06,0.99956998245,0.000428848024706
asinine,-1,-1,0.935695492719,0.0143790204859,0.0499254867953
irresponsible,-1,-1,0.988530228122,0.000476272884708,0.0109934989934
detrimental,-1,-1,0.797149664436,0.00984963001016,0.193000705554
candle,0,0,0.00916904852643,0.757388028709,0.233442922764
enthrall,1,1,0.00995101779064,0.0393355601719,0.950713422037
spumoni,0,0,0.00426131566812,0.93657603476,0.059162649572
abalone,0,0,0.0013478260079,0.993312070201,0.00534010379065
angelic,1,1,0.320911597961,0.0347470555754,0.644341346463
fresh,0,1,0.0125212688696,0.163936987246,0.823541743884
fondue,0,0,0.00195293191982,0.929440523752,0.0686065443277
just,0,1,0.25234568745,0.280925997615,0.466728314936
coke,0,0,0.0325634448149,0.952991428713,0.0144451264717
inequitably,-1,-1,0.941944192588,0.0309033777027,0.0271524297089
brownie,0,0,0.0332004277112,0.706833385973,0.259966186316
avariciously,-1,0,0.275712143687,0.465701289885,0.258586566428
reliable,1,1,0.00805945810621,0.0186620097704,0.973278532123
hostile,-1,-1,0.990606480657,0.00139982032546,0.00799369901734
music,0,0,0.0132396690024,0.90738749958,0.0793728314173
diverse,0,1,0.00195521358607,0.00877636663907,0.989268419775
turnip,0,0,0.0207686350344,0.964869898281,0.0143614666846
felony,-1,-1,0.896932345662,0.0913669664016,0.0117006879369
trendi,1,0,0.194443992831,0.625522471024,0.180033536145
trout,0,0,0.00766588262954,0.972209281635,0.0201248357352
cataclysmically,-1,-1,0.893114485545,0.06190181831,0.0449836961448
insufferably,-1,-1,0.997091886062,0.000590144746612,0.00231796919151
fillet,0,0,0.00518991134005,0.982722803088,0.0120872855722
meaningless,-1,-1,0.95772821139,0.00782212841422,0.0344496601953
fudge,0,0,0.00166375310096,0.992238523523,0.00609772337566
return,0,0,0.0297360279719,0.82577025627,0.144493715758
jealous,-1,-1,0.967667640925,0.00956274310635,0.0227696159683
repugnant,-1,-1,0.956474068966,0.0072022333378,0.0363236976967
decoration,0,0,0.00514421256124,0.81893805865,0.175917728789
bouillabaisse,0,0,0.00589556030667,0.978739557798,0.0153648818949
"ill-tempered",-1,0,0.194443992831,0.625522471024,0.180033536145
ecstatically,1,1,0.0667544301393,0.00962351891327,0.923622050947
careless,-1,-1,0.996095729716,0.00100318499822,0.00290108528592
various,0,1,0.393068950163,0.0574738375239,0.549457212313
kitchen,0,0,3.27062522939e-05,0.99446770469,0.0054995890582
unsupportive,-1,-1,0.988565499703,0.00161795135894,0.00981654893829
valuable,1,1,0.015612235919,0.0560702518153,0.928317512266
inexpert,-1,-1,0.930342138405,0.0338591307291,0.0357987308655
venomous,-1,-1,0.876551444834,0.011234594974,0.112213960192
beneficent,1,1,0.0333097891112,0.0227397677075,0.943950443181
villainously,-1,-1,0.738715369804,0.119527150627,0.141757479568
wary,-1,-1,0.791748908927,0.00302835603045,0.205222735043
amiss,-1,-1,0.716433983503,0.20415673151,0.0794092849869
jelly,0,0,0.00520100429669,0.95445043198,0.0403485637233
appall,-1,-1,0.968431060536,0.00923461239558,0.0223343270686
advocate,1,0,0.0733389841965,0.812621475322,0.114039540481
main,0,1,0.154706989816,0.251851012089,0.593441998095
popular,1,1,0.0821237429436,0.210664714775,0.707211542282
appreciative,1,1,0.0245086296703,0.00839932365049,0.967092046679
conch,0,0,0.0270815046111,0.932717377388,0.0402011180004
mercifully,1,-1,0.869854779909,0.0495759294646,0.0805692906261
capable,1,1,0.0191915977447,0.0113199265434,0.969488475712
pasta,0,0,1.44717848436e-05,0.996371972446,0.00361355576962
amicably,1,1,0.0428425647897,0.104662200086,0.852495235124
mayo,0,0,0.00825823625428,0.934746675708,0.0569950880378
bustle,1,0,0.229230747321,0.456496989508,0.314272263171
comfy,1,1,0.0575499470455,0.123985765607,0.818464287347
sardonic,-1,0,0.493097579427,0.00842410029564,0.498478320278
horseradish,0,0,5.34308109332e-06,0.998040593961,0.00195406295828
peerless,1,1,0.00315002613982,0.014383925715,0.982466048145
boredom,-1,-1,0.969006000796,0.0155153903153,0.0154786088886
unfriendly,-1,-1,0.976115310701,0.00210572792744,0.0217789613711
favourite,1,1,0.00901731264064,0.111667691724,0.879314995636
modern,1,1,0.119206340093,0.147934229788,0.732859430119
dauntless,1,1,0.0044229245712,0.0159894357228,0.979587639706
fucker,-1,0,0.490227587217,0.496265637268,0.0135067755145
sturgeon,0,0,0.0117785191564,0.966437376177,0.0217841046662
charm,1,0,0.0993306883076,0.41429432229,0.486374989402
forgettable,-1,-1,0.762025261416,0.00986149815266,0.228113240431
fabulously,1,1,0.00551933434557,0.0122352000527,0.982245465602
impecable,1,1,0.0176106206883,0.0593746374801,0.923014741832
catcher,1,0,0.0125137921486,0.906886404024,0.080599803827
unimaginative,-1,-1,0.862408252042,0.0140597590366,0.123531988922
trick,-1,0,0.249542942432,0.418984022918,0.331473034649
unprofessional,-1,-1,0.998069210932,0.000576597975059,0.00135419109317
satisfied,1,1,0.0378224604555,0.0252716558172,0.936905883727
ingredient,0,0,0.00903625598098,0.884240442803,0.106723301216
like,0,0,0.215605455977,0.514268281564,0.27012626246
gaudy,-1,1,0.0466511468055,0.0224342629304,0.930914590264
nifty,1,1,0.00297135585414,0.0122242173363,0.98480442681
apathy,-1,-1,0.966540627159,0.0166270443675,0.0168323284731
economical,1,1,0.0143888292794,0.028742551288,0.956868619433
aspic,0,0,0.0283975171976,0.851698633503,0.119903849299
harsh,-1,-1,0.775720535657,0.00682565004895,0.217453814294
scratchy,-1,-1,0.600312012413,0.0317165098706,0.367971477717
cleverly,1,1,0.0185230114788,0.0222201838607,0.95925680466
sandwich,0,0,1.10227587202e-05,0.998281280405,0.00170769683621
dismal,-1,-1,0.549662831351,0.0123222361787,0.43801493247
review,0,0,0.283141360503,0.615929696312,0.100928943186
pietra,0,0,0.145127345624,0.69689151694,0.157981137436
quacamole,0,0,0.194443992831,0.625522471024,0.180033536145
disgust,-1,-1,0.965086954897,0.0157159098464,0.019197135257
peaceful,1,1,0.0213939934189,0.0191402856464,0.959465720935
salmon,0,0,0.00228290221745,0.991906736244,0.0058103615387
woe,-1,-1,0.732000501963,0.0833751501985,0.184624347838
gooseberry,0,0,0.00285383134482,0.975656470889,0.0214896977667
chowder,0,0,0.0040459195908,0.989430156033,0.0065239243766
painlessly,1,-1,0.975409922138,0.00209207302542,0.0224980048365
ackward,-1,-1,0.554660515155,0.273717122958,0.171622361887
agreeably,1,1,0.0144913298676,0.0156959448056,0.969812725327
ameliorate,1,-1,0.618646929148,0.0164975625385,0.364855508313
location,0,0,0.0109525396863,0.927109600751,0.0619378595622
befoul,-1,-1,0.863804407826,0.086631615469,0.0495639767052
bouillon,0,0,5.33987136394e-05,0.992489548231,0.00745705305561
uncomfy,-1,0,0.403626340662,0.410242070221,0.186131589117
bore,-1,-1,0.91330093891,0.0668573722676,0.0198416888225
"maitre",0,0,0.194443992831,0.625522471024,0.180033536145
conspiratorial,-1,1,0.427396864826,0.0433107037585,0.529292431415
hominy,0,0,0.00517139495384,0.973587269923,0.0212413351229
impudent,-1,-1,0.556244241475,0.00837729769389,0.435378460832
torpor,-1,-1,0.958470717777,0.0200177470345,0.0215115351881
fascinate,1,1,0.097755833838,0.0258738865332,0.876370279629
ricotta,0,0,1.03439049918e-05,0.996516593444,0.00347306265149
accommodative,1,1,0.23679537976,0.109661304332,0.653543315908
asparagus,0,0,0.00365892406246,0.98666336673,0.00967770920779
croissant,0,0,0.00297677917236,0.988637842352,0.00838537847536
venomously,-1,-1,0.936097219476,0.0366760450128,0.0272267355113
hovel,0,0,0.203925797122,0.695163454524,0.100910748354
spoil,-1,1,0.317570466858,0.144279597328,0.538149935814
insult,-1,-1,0.991167289265,0.00391296145537,0.00491974927953
impair,-1,-1,0.872149742091,0.0468826118894,0.0809676460191
liquor,0,0,0.0176810357861,0.971170947064,0.0111480171499
dismissive,-1,-1,0.909667764893,0.00960373555525,0.080728499552
coleslaw,0,0,6.55546111857e-05,0.991330129005,0.00860431638348
reject,-1,-1,0.952936261581,0.032528801429,0.0145349369899
margarine,0,0,0.00517156012109,0.98740120927,0.00742723060864
pestilent,-1,-1,0.865709378576,0.0757142009227,0.0585764205017
eclectic,1,1,0.000631133493819,0.00480746567865,0.994561400828
sweet,1,1,0.0269663901492,0.0669726428265,0.906060967024
felicitous,1,1,0.0171213933964,0.0218403270763,0.961038279527
deceitfully,-1,-1,0.880983225251,0.0390254599059,0.0799913148433
cloying,-1,-1,0.7753413531,0.0370864438444,0.187572203055
hostel,0,0,0.134043595025,0.856501107229,0.00945529774553
imposture,-1,-1,0.769409915819,0.193141423174,0.0374486610072
flawless,1,1,0.000109013901907,0.00304135486923,0.996849631229
generously,1,1,0.017605838717,0.179877965982,0.802516195301
pleasurably,1,1,0.0288292223763,0.0963148036335,0.87485597399
scenery,0,0,0.0127432412277,0.972284657978,0.0149721007946
unappreciative,-1,-1,0.910761920858,0.019391232164,0.0698468469781
lolly,0,0,0.00877088328979,0.862174945606,0.129054171104
downside,-1,0,0.306074822499,0.484704923677,0.209220253824
felicitate,1,1,0.0160278542895,0.0893374742516,0.894634671459
candy,0,0,0.0164478739271,0.901706853939,0.0818452721342
avocado,0,0,0.0132772025487,0.967244566626,0.0194782308253
beneficially,1,1,0.0972057026025,0.0797339593083,0.823060338089
coffee,0,0,0.00404788712189,0.981854505536,0.0140976073424
overcompensate,1,-1,0.716083035488,0.0687725906702,0.215144373842
rabid,-1,-1,0.970302260306,0.00311915414775,0.0265785855464
tire,-1,0,0.136665024817,0.757694297474,0.105640677709
helpful,1,1,0.0176798948116,0.0410505425596,0.941269562629
unimportant,-1,-1,0.868495792294,0.0147081092659,0.11679609844
profitable,1,1,0.0265088686845,0.0446331787211,0.928857952594
gross,-1,-1,0.985473785866,0.00887685684328,0.00564935729081
strudel,0,0,0.00929209126832,0.974986164267,0.0157217444644
deficiency,-1,-1,0.928099193252,0.0467019549986,0.0251988517495
unaccommodating,-1,-1,0.97379647569,0.00882097555956,0.0173825487507
awe,1,1,0.00629603536836,0.0268309929541,0.966872971678
cravenly,-1,-1,0.962559257169,0.0203022003097,0.0171385425212
moron,-1,-1,0.827894736703,0.141168085603,0.0309371776944
inappropriate,-1,-1,0.897329275377,0.0169465433575,0.0857241812652
dessserts,0,0,0.194443992831,0.625522471024,0.180033536145
tamale,0,0,5.54425216864e-05,0.992350009381,0.00759454809758
"ill-used",-1,0,0.194443992831,0.625522471024,0.180033536145
importunate,-1,-1,0.695995748369,0.0629211323323,0.241083119298
tasty,1,1,0.00672420375871,0.140348208738,0.852927587504
disgustful,-1,-1,0.938322523015,0.0391487563492,0.0225287206355
milkshake,0,0,1.90873941364e-05,0.996800118613,0.00318079399327
thin,0,-1,0.652611354009,0.0590707930641,0.288317852926
rude,-1,-1,0.996684003963,0.00201826193906,0.00129773409844
dismay,-1,-1,0.961887167502,0.0117061829428,0.0264066495552
happy,1,1,0.0145332694086,0.038835865029,0.946630865562
satisfied,1,1,0.0378224604555,0.0252716558172,0.936905883727
good,1,1,0.0151893663473,0.0579522987181,0.926858334935
positive,1,1,0.127655383865,0.0192992367986,0.853045379336
excellent,1,1,0.000168794560103,0.00625526482826,0.993575940612
flawless,1,1,0.000109013901907,0.00304135486923,0.996849631229
unimpaired,1,1,0.272950970183,0.0618659890461,0.665183040771
unhappy,-1,0,0.446452152749,0.00963423068258,0.543913616569
unsatisfied,-1,-1,0.92895860576,0.00420694687049,0.0668344473699
bad,-1,-1,0.971265302032,0.00961827810469,0.0191164198635
negative,-1,1,0.244058838814,0.0520758511814,0.703865310004
poor,-1,-1,0.976900005258,0.00471875906676,0.0183812356756
flawed,-1,-1,0.855300848348,0.00516088274406,0.139538268908
defective,-1,-1,0.940318838129,0.0352758297694,0.0244053321015
food,0,0,0.00251113401621,0.979968125728,0.017520740256
building,0,0,0.0343114173998,0.876551028833,0.0891375537674
