word,Actual_Polarity,Calc_Polarity,NegativeSimilarity,NeutralSimilarity,PositiveSimilarity
outstand,1,1,0.137855173431,0.225321190552,0.636823636017
disgust,-1,-1,0.974871211376,0.00860040774442,0.0165283808796
lighting,0,0,0.0352557567882,0.654454269242,0.31028997397
substandard,-1,-1,0.994911388718,0.00285619731403,0.00223241396755
worthlessly,-1,0,0.243272203197,0.498398955142,0.258328841661
calumniously,-1,0,0.243272203197,0.498398955142,0.258328841661
devious,-1,-1,0.930014853676,0.00431794762343,0.0656671987008
meatloaf,0,0,6.25988136972e-06,0.997392485625,0.00260125449314
hazelnut,0,0,5.74419048464e-06,0.997390760181,0.00260349562886
horrendously,-1,-1,0.975675516762,0.00669954580118,0.0176249374372
light,0,0,0.0903640481928,0.633990610414,0.275645341394
bother,-1,-1,0.986812243169,0.00665821065814,0.00652954617305
belligerently,-1,-1,0.985618780574,0.00118528413995,0.0131959352863
marzipan,0,0,0.001132797087,0.986202543879,0.0126646590336
practical,1,1,0.00766291989814,0.120880037179,0.871457042922
winningest,1,1,0.0171700857078,0.0983731509622,0.88445676333
extensive,1,1,0.00100533336529,0.0714433797474,0.927551286887
wheat,0,0,0.0015204455637,0.994793274632,0.00368627980418
cobweb,0,0,0.220570355745,0.717462676851,0.0619669674043
basil,0,0,2.41070825795e-06,0.998300474364,0.00169711492732
squab,0,0,0.0012163455591,0.984104021405,0.0146796330361
altruistic,1,1,0.163038342844,0.00951533227401,0.827446324882
smutty,-1,-1,0.956453585208,0.00896343098751,0.0345829838046
ribbon,0,0,0.00152813049094,0.954098094823,0.0443737746857
grubby,-1,-1,0.96631664304,0.0151510238651,0.0185323330953
teapot,0,0,0.00852862909403,0.973777097444,0.017694273462
train,1,0,0.0213179304222,0.505468292776,0.473213776802
insupportably,-1,0,0.243272203197,0.498398955142,0.258328841661
celery,0,0,1.54024337594e-06,0.998704964537,0.00129349521914
monstrously,-1,-1,0.915403065915,0.0195958149181,0.0650011191667
aggressive,-1,-1,0.889484901595,0.012449762426,0.0980653359787
entertain,1,1,0.00629310633884,0.0415573864662,0.952149507195
disgust,-1,-1,0.974871211376,0.00860040774442,0.0165283808796
price,0,0,0.0635394977907,0.841637830912,0.094822671297
kickass,-1,1,0.00942916909788,0.0561100384025,0.9344607925
pan,0,0,0.00497627629455,0.948088338295,0.0469353854102
revere,1,1,0.0312951745564,0.00803127376281,0.960673551681
indecently,-1,0,0.558959847489,0.0233840790453,0.417656073466
accomodative,1,1,0.291423816495,0.11163541041,0.596940773096
repressive,-1,-1,0.948897724348,0.00568090537525,0.0454213702767
illogic,-1,-1,0.975479703226,0.00690690842107,0.0176133883528
torpidity,-1,-1,0.699946374433,0.118429744658,0.181623880908
ridiculous,-1,-1,0.963478225257,0.00876737622395,0.0277543985187
sicken,-1,-1,0.963342837944,0.0175325447734,0.0191246172829
transcendent,1,1,0.00414917431672,0.00162581985223,0.994225005831
acrid,-1,-1,0.889530798097,0.0821035369964,0.0283656649062
grumpily,-1,-1,0.983044911235,0.00783877069692,0.00911631806821
enchant,1,1,0.000479243428493,0.00214553711774,0.997375219454
enchantingly,1,1,0.0124862591503,0.0402047314491,0.947309009401
saute,0,0,2.92228270439e-06,0.998154646088,0.00184243162957
cognac,0,0,0.00154742240627,0.988024958543,0.0104276190506
appalling,-1,-1,0.98856195558,0.000906110425547,0.0105319339944
insult,-1,-1,0.997616843202,0.00129020957123,0.00109294722629
appropriate,1,1,0.0488077893428,0.0830704083358,0.868121802321
walnut,0,0,5.52664048929e-06,0.997416907303,0.00257756605645
apprehensively,-1,0,0.52781864347,0.118891971146,0.353289385384
handsomely,1,1,0.0203388412462,0.0096210074643,0.97004015129
peppy,1,1,0.00770412839736,0.00765979652749,0.984636075075
derogatory,-1,-1,0.992382077938,0.00523586049896,0.00238206156332
kiwi,0,0,0.00227088740697,0.950266543233,0.04746256936
scornfully,-1,-1,0.991037912736,0.00148103680671,0.00748105045712
gelatin,0,0,2.28982553731e-05,0.995056652364,0.00492044938108
rotten,-1,-1,0.96686065895,0.0275425021906,0.00559683885904
harshly,-1,-1,0.99406102444,0.0009138410809,0.00502513447874
roll,0,0,0.221257790495,0.66975953409,0.108982675415
abrupt,-1,-1,0.960224906628,0.0132164385407,0.0265586548316
talented,1,1,0.000214338343209,0.00278123371656,0.99700442794
huge,0,1,0.0249671561946,0.27160571467,0.703427129135
heavenly,1,1,0.000681416550067,0.0363274303335,0.962991153116
rapture,1,1,0.221329177224,0.0275193316379,0.751151491138
regrettable,-1,-1,0.904761644103,0.00788419725241,0.0873541586445
meal,0,0,1.10595717798e-05,0.996432620578,0.00355631985032
mess,-1,-1,0.966040752772,0.0286555905493,0.00530365667909
clam,0,0,0.00783884810422,0.987830145453,0.00433100644251
slowwww,-1,0,0.243272203197,0.498398955142,0.258328841661
request,0,0,0.00732596085406,0.677270977783,0.315403061363
thankful,1,1,0.00272421203814,0.0201185341456,0.977157253816
delectation,1,1,0.0907872329314,0.132873517276,0.776339249793
awesomely,1,1,0.103030743678,0.0450634910934,0.851905765228
beauty,1,1,0.000615559252226,0.0966511277507,0.902733312997
majestic,1,1,0.00104638680239,0.00646463918805,0.99248897401
exquisite,1,1,2.31755406893e-05,0.00543345460847,0.994543369851
entire,0,0,0.269656966539,0.328589771816,0.401753261645
hartshorn,0,0,0.243272203197,0.498398955142,0.258328841661
valiant,1,1,0.108586144264,0.00667527475355,0.884738580982
magnificent,1,1,2.84269784668e-06,3.1624019219e-06,0.9999939949
ration,0,0,0.0110057930511,0.91647343313,0.0725207738192
seedy,-1,-1,0.682133438923,0.128743502641,0.189123058436
guava,0,0,2.02715162219e-05,0.995028494362,0.00495123412188
joyfully,1,1,0.0219642181475,0.010063854289,0.967971927563
marinara,0,0,1.32640110245e-05,0.996037293716,0.003949442273
disastrously,-1,-1,0.982066229697,0.00519495926714,0.012738811036
overcharge,-1,-1,0.916473457335,0.0631802470416,0.0203462956233
disgraceful,-1,-1,0.996880091402,0.000446787337812,0.00267312126042
atrocious,-1,-1,0.987737241473,0.000460873636731,0.0118018848901
maliciously,-1,-1,0.988168278003,0.00455242170832,0.00727930028895
sloooow,-1,-1,0.554070172738,0.218138435657,0.227791391606
uncivil,-1,-1,0.997341674127,0.000323714460078,0.00233461141258
burger,0,0,6.61494377106e-07,0.999645233111,0.000354105394464
spirited,1,1,0.0156383250937,0.00511171172734,0.979249963179
tremendous,1,1,0.000150759641412,0.0111219520045,0.988727288354
nauseate,-1,-1,0.940749810389,0.0168390919034,0.042411097708
trashy,-1,-1,0.961207024782,0.0136083285443,0.0251846466733
spurious,-1,-1,0.965313933803,0.0216638565243,0.0130222096725
servant,0,1,0.237736409166,0.207893577946,0.554370012889
compliment,1,1,0.00565313749637,0.0351810734372,0.959165789066
malevolently,-1,-1,0.960926461446,0.0134475902068,0.0256259483474
regrettably,-1,-1,0.959012198274,0.0117048340143,0.0292829677115
"high_quality",1,0,0.243272203197,0.498398955142,0.258328841661
macaroon,0,0,0.00132193863332,0.993188733339,0.00548932802732
bitch,-1,-1,0.673901886348,0.216559568758,0.109538544894
blissful,1,1,0.00455560942844,0.00651711249492,0.988927278077
unusable,-1,-1,0.949613093059,0.0349433055265,0.0154436014145
abundant,1,1,0.000324031848764,0.022111251011,0.97756471714
wholesome,1,1,0.0046730930556,0.0394069679001,0.955919939044
hall,0,0,0.0796544930203,0.835057174196,0.0852883327834
complacent,-1,-1,0.957668464644,0.00579047138045,0.0365410639753
delivery,0,0,0.175519761827,0.620334833331,0.204145404843
passivity,-1,-1,0.97893609493,0.00347540014796,0.0175885049218
harmful,-1,-1,0.965984249589,0.0109178316056,0.0230979188057
delectable,1,1,0.000131892757657,0.0592125637599,0.940655543482
valiantly,1,1,0.177834707557,0.0153881357546,0.806777156688
section,0,-1,0.742912133175,0.2378314169,0.0192564499257
confusing,-1,-1,0.966940124277,0.0145264250563,0.0185334506669
talent,1,1,0.0178357245545,0.0792367737946,0.902927501651
enthusiastically,1,1,0.00443681385677,0.011793487385,0.983769698758
smugly,-1,-1,0.885622318474,0.00893757856952,0.105440102957
glad,1,1,0.00210971562532,0.0602668896761,0.937623394699
pickle,0,0,0.00309456403653,0.975158711259,0.0217467247046
ladyfinger,0,0,0.00251935649284,0.991335892685,0.00614475082221
grandioso,1,0,0.243272203197,0.498398955142,0.258328841661
pomegranate,0,0,5.93443541643e-06,0.997480722008,0.00251334355626
corner,0,0,0.255928418199,0.536140266759,0.207931315042
merit,1,1,0.131011087721,0.21971066895,0.649278243329
stupidly,-1,-1,0.693956219135,0.0254338981888,0.280609882676
basic,0,1,0.0218574997859,0.342184059595,0.635958440619
disrespectfully,-1,-1,0.993294622427,0.00315013525371,0.0035552423195
caviar,0,0,1.38986193735e-05,0.99591905212,0.00406704926099
poor,-1,-1,0.997467291038,0.00111208610457,0.00142062285713
lemon,0,0,0.00252583561254,0.994521852991,0.00295231139596
"ill-favored",-1,0,0.243272203197,0.498398955142,0.258328841661
option,0,0,0.131138932358,0.679805373103,0.189055694539
cabernet,0,0,0.00046504157069,0.975257775101,0.0242771833286
legume,0,0,0.00202872380014,0.991299547993,0.00667172820721
acceptable,1,-1,0.760922941957,0.0366230319496,0.202454026093
virtuously,1,1,0.20810439338,0.0593588075544,0.732536799066
curry,0,0,1.36059428567e-05,0.995985322085,0.00400107197191
trust,1,1,0.146378940888,0.253214879097,0.600406180015
snob,0,0,0.239707003226,0.292125847886,0.468167148888
caper,0,0,0.422443352962,0.503838509063,0.0737181379751
hoodwink,-1,-1,0.96703775902,0.00771413424099,0.0252481067395
grit,0,1,0.0383900316296,0.160339077901,0.80127089047
subpar,-1,-1,0.980833905839,0.0016177640415,0.0175483301192
damn,-1,1,0.176973577288,0.137218779902,0.68580764281
rile,-1,-1,0.969416287845,0.00747954311618,0.0231041690386
wrap,0,0,0.0105956578505,0.66419024628,0.32521409587
caraway,0,0,8.08244463767e-05,0.990301932015,0.00961724353849
order,0,0,0.117270144204,0.736802888779,0.145926967017
frustrate,-1,-1,0.94662033017,0.00404846044167,0.0493312093888
imaginative,1,1,0.00309277787312,0.00475351557177,0.992153706555
ineloquently,-1,0,0.243272203197,0.498398955142,0.258328841661
fuss,-1,-1,0.894591058053,0.0543130177102,0.0510959242366
stupidity,-1,-1,0.99444506789,0.00200248952327,0.00355244258638
pastry,0,0,6.26737761821e-07,0.999141879501,0.000857493761093
overpay,0,-1,0.642874714326,0.168739253919,0.188386031756
wedding,0,0,0.00191554156059,0.932392065146,0.0656923932936
festive,1,0,0.0448362883314,0.471209823812,0.483953887856
terrace,0,0,0.00164895327852,0.928653701609,0.0696973451124
agave,0,0,2.57650200185e-05,0.994381661469,0.00559257351084
riveting,1,1,0.0391264642531,0.00330712399462,0.957566411752
alarm,-1,-1,0.590867316139,0.291068286336,0.118064397524
scene,0,0,0.0748576667497,0.649171202786,0.275971130465
inhospitable,-1,-1,0.814800638615,0.0102844470909,0.174914914294
unhappiness,-1,-1,0.965843159555,0.00759535003321,0.0265614904115
flower,0,0,0.000912464977601,0.964868296629,0.034219238393
nark,1,-1,0.885921874542,0.0952006051047,0.0188775203537
enjoyable,1,1,2.26697647404e-06,2.44033506988e-06,0.999995292688
toffee,0,0,0.000194849794485,0.98434042103,0.0154647291752
skewer,0,0,0.044209834286,0.753000209928,0.202789955786
wondrous,1,1,0.00350970576013,0.00293038363645,0.993559910603
gourmet,1,0,0.000602900766274,0.971689877468,0.027707221766
worry,-1,0,0.503749392792,0.219202030277,0.277048576931
haddock,0,0,1.45531180203e-05,0.995947013091,0.00403843379105
bemuse,-1,0,0.540476898908,0.0190601022337,0.440462998858
"ill-natured",-1,0,0.243272203197,0.498398955142,0.258328841661
caffe,0,0,0.00128406038928,0.948776964043,0.0499389755681
inedible,-1,-1,0.78827334181,0.202355288068,0.0093713701223
fry,0,0,0.00224289737382,0.986498711759,0.011258390867
adverse,-1,0,0.499389579783,0.120050862162,0.380559558055
appetizer,0,0,1.60382884199e-05,0.99572705527,0.00425690644205
tender,1,0,0.00393659485691,0.421142355153,0.57492104999
sickly,-1,-1,0.936722601449,0.0288871481236,0.0343902504271
pear,0,0,1.0810386235e-06,0.998989704426,0.00100921453499
betray,-1,-1,0.960462981691,0.00683433914161,0.0327026791677
atmoshere,0,0,0.243272203197,0.498398955142,0.258328841661
affectionate,1,1,0.0143649960959,0.00288761792472,0.982747385979
annoy,-1,-1,0.678509693189,0.0332959952998,0.288194311511
succotash,0,0,0.00148572043895,0.982891149101,0.0156231304601
tinny,-1,-1,0.838030295002,0.0878589118529,0.0741107931454
deplore,-1,-1,0.985270194506,0.00357609979523,0.0111537056986
cantaloupe,0,0,1.12056532782e-06,0.999160453806,0.000838425628635
kabob,0,0,8.84845012092e-06,0.996738004974,0.00325314657549
boring,-1,-1,0.979614077585,0.00294232235643,0.0174436000589
feeble,-1,-1,0.983744495781,0.00144342944211,0.014812074777
crude,-1,0,0.546099454526,0.370845108953,0.0830554365204
lobster,0,0,3.18068866117e-06,0.998209246069,0.00178757324202
wild_rice,0,0,0.243272203197,0.498398955142,0.258328841661
desk,0,0,0.0726173395193,0.823544083516,0.103838576965
frontman,0,0,0.50408892571,0.21862712696,0.27728394733
enticing,1,1,0.00353078440633,0.0129850385039,0.98348417709
authentic,1,1,0.000392952452645,0.0578426115009,0.941764436046
overrate,-1,-1,0.873671755155,0.0103436070249,0.11598463782
dirty,0,-1,0.947378920006,0.0367217732437,0.0158993067501
cucumber,0,0,5.02688815026e-05,0.992131791838,0.00781793928082
gloriously,1,1,0.102168075967,0.00976733417595,0.888064589857
terrible,-1,-1,0.995220874164,0.00122991189275,0.00354921394355
affordably,1,1,0.00317757218212,0.111954488787,0.884867939031
harassment,-1,-1,0.953617143259,0.0354830982951,0.0108997584463
melt,1,0,0.129530340822,0.683657726219,0.186811932959
heartily,1,1,0.0105623309898,0.0416229581,0.94781471091
overzealous,-1,-1,0.992453705552,0.00401675554239,0.00352953890543
heavy-handed,-1,0,0.243272203197,0.498398955142,0.258328841661
gluten,0,0,0.000356794978364,0.978612335582,0.0210308694398
heartless,-1,-1,0.995298553406,0.00058922771234,0.00411221888146
endear,1,1,0.36012587657,0.0031172569159,0.636756866514
slanderous,-1,-1,0.994475157556,0.00248896972834,0.00303587271563
comfort,0,1,0.00456313104467,0.0736699529969,0.921766915958
syrah,0,0,0.000181898784544,0.98480675405,0.0150113471658
montparnasse,0,0,0.243272203197,0.498398955142,0.258328841661
gracefully,1,1,0.00706415688043,0.00340778431151,0.989528058808
nasty,-1,-1,0.988201109826,0.00559937109628,0.00619951907796
hysterically,-1,-1,0.980778543859,0.00261923140567,0.0166022247357
pudding,0,0,2.33239358106e-05,0.994726899569,0.00524977649541
motel,0,0,0.0182683808709,0.945619663124,0.036111956005
veggies,0,0,3.80316188704e-05,0.993146848575,0.00681511980589
antipasto,0,0,2.31194046205e-05,0.994679904287,0.00529697630875
torpiness,-1,0,0.243272203197,0.498398955142,0.258328841661
treacherously,-1,-1,0.853815349328,0.0419864997477,0.104198150925
food,0,0,0.00122693079677,0.993186677933,0.00558639127068
smooth,1,1,0.00411041587616,0.0277701094116,0.968119474712
pack,-1,0,0.0243284488202,0.656342257441,0.319329293739
torturous,-1,-1,0.926313456011,0.008292964313,0.0653935796755
blameless,1,-1,0.969630500924,0.00164770982291,0.0287217892535
busboy,0,0,0.0532850147815,0.888433952015,0.058281033203
fromager,0,0,0.0755239852521,0.606625119745,0.317850895002
annihilate,-1,-1,0.83961366385,0.0153824249953,0.145003911155
success,1,1,0.00962877201156,0.0791472054836,0.911224022505
balsamic,0,0,3.46467229521e-06,0.997972260421,0.0020242749066
bean,0,0,0.00667053242892,0.992039470934,0.00128999663731
doughnut,0,0,0.0848375113994,0.544173099198,0.370989389403
uncompetitive,-1,-1,0.984304566695,0.00620999366032,0.00948543964436
next,0,0,0.0813475404364,0.65174954536,0.266902914204
dark,0,1,0.177617361507,0.242149335024,0.580233303469
awe,1,1,0.0123623102285,0.00592860885355,0.981709080918
piteous,-1,-1,0.975555255402,0.00278682455105,0.0216579200469
hilarious,1,1,0.0308611957634,0.00820325496198,0.960935549275
outperformance,1,1,0.0644372146923,0.20913232561,0.726430459698
arrogant,-1,-1,0.974438616044,0.00100401100968,0.0245573729464
thai,0,0,0.0485741545265,0.870768991213,0.0806568542608
attractively,1,1,0.00164633411418,0.0205372039217,0.977816461964
"%c%c*bread",0,0,0.243272203197,0.498398955142,0.258328841661
sarcastically,-1,-1,0.938561657638,0.0260933038985,0.0353450384636
present,0,1,0.0740442908644,0.258769193731,0.667186515405
joint,0,0,0.219874910901,0.628215077993,0.151910011107
alcohol,0,0,0.00785269159059,0.957155643817,0.0349916645923
discontented,-1,-1,0.948613768901,0.00661053729254,0.0447756938069
sparerib,0,0,0.243272203197,0.498398955142,0.258328841661
appallingly,-1,-1,0.990890772656,0.0012129919733,0.00789623537113
staid,-1,0,0.386230000393,0.0210441116983,0.592725887908
shrimp,0,0,5.28583006641e-07,0.999465565571,0.000533905845954
throw,-1,0,0.507519938642,0.413768044403,0.0787120169554
waitstaffs,0,0,0.130672564894,0.53268946523,0.336637969876
costly,0,-1,0.895452961858,0.0316833459074,0.0728636922343
ashamed,-1,-1,0.970143820401,0.00336755617571,0.0264886234234
quarrelsome,-1,-1,0.966265059014,0.0063045955943,0.0274303453921
mussles,0,0,0.00317232987378,0.979318236548,0.0175094335784
ingeniously,1,1,0.0472507468946,0.0318523645701,0.920896888535
brutally,-1,-1,0.869573043609,0.0258586531079,0.104568303283
disgust,-1,-1,0.974871211376,0.00860040774442,0.0165283808796
unprofitable,-1,-1,0.822247062735,0.0577597097705,0.119993227495
nectar,0,0,0.000303772192263,0.936560481851,0.0631357459568
calumnious,-1,-1,0.972451215635,0.0109413656877,0.0166074186775
simple,0,1,0.0251052636434,0.144739842978,0.830154893378
defamatory,-1,-1,0.975185514331,0.00722410810207,0.0175903775671
run-down,-1,0,0.243272203197,0.498398955142,0.258328841661
bounteous,1,1,0.00408879261845,0.0171970526076,0.978714154774
dishonorablely,-1,0,0.243272203197,0.498398955142,0.258328841661
flounder,0,0,0.0959665599136,0.853249585912,0.0507838541747
mousse,0,0,4.67500904192e-05,0.992397549408,0.00755570050173
ramshackle,-1,-1,0.711683328849,0.124194645645,0.164122025506
quaint,1,1,0.0101575847032,0.0787325934149,0.911109821882
top_notch,1,0,0.243272203197,0.498398955142,0.258328841661
sweetness,1,1,0.000899590576935,0.275588213401,0.723512196022
crowd,-1,0,0.227404219776,0.361607323918,0.410988456306
ignorance,-1,-1,0.983087473295,0.00775650042455,0.00915602628027
ramp,0,0,0.122308327084,0.594267192631,0.283424480285
overprice,-1,-1,0.947980667177,0.0371433413348,0.0148759914882
tiresome,-1,-1,0.979866654434,0.00170707087819,0.0184262746877
must,1,1,0.0128945825368,0.189399838336,0.797705579127
occasion,0,1,0.00125654303465,0.0779839799385,0.920759477027
scant,-1,-1,0.657517205221,0.103373058452,0.239109736327
snobish,-1,0,0.243272203197,0.498398955142,0.258328841661
beat,-1,1,0.00100434791609,0.0434257259797,0.955569926104
stellar,1,1,0.00343861822787,0.00326724632533,0.993294135447
impressively,1,1,0.00026446580822,0.00218785180961,0.997547682382
disparage,-1,-1,0.965077998216,0.00494231491021,0.0299796868736
heaviness,-1,-1,0.829172551137,0.0744153056058,0.0964121432572
borscht,0,0,3.08405057991e-05,0.994446645794,0.00552251370059
view,0,0,0.115907885201,0.414064148448,0.470027966351
dreck,-1,-1,0.97028802146,0.00702910005117,0.0226828784891
admiration,1,1,0.00789342459683,0.00546593413952,0.986640641264
belittle,-1,-1,0.987164638418,0.00300977791882,0.00982558366301
cram,-1,1,0.145304918613,0.295833184993,0.558861896394
collard,0,0,2.73314619123e-05,0.994370172864,0.00560249567449
pecan,0,0,3.98425744509e-07,0.999360117639,0.000639483935755
masterful,1,1,0.00232607739579,0.000547109703057,0.997126812901
great,0,1,8.33997420287e-05,0.0112117682961,0.988704831962
cook,0,0,0.00575247751672,0.986908384198,0.0073391382856
souffle,0,0,0.00119951892732,0.959282306178,0.0395181748949
high-spirited,1,0,0.243272203197,0.498398955142,0.258328841661
beautiful,1,1,0.000246792856384,0.0189276337028,0.980825573441
surpass,1,1,0.0214189512735,0.0268054668837,0.951775581843
chick,0,0,0.0670841318778,0.824425590672,0.10849027745
refresh,1,1,0.0466606382737,0.33681154295,0.616527818777
water,0,0,0.0673823812358,0.909286452368,0.023331166396
stuffy,-1,-1,0.739069483754,0.0772449497963,0.18368556645
dextrous,1,1,0.0149185666272,0.00434934892566,0.980732084447
uninteresting,-1,-1,0.904412891254,0.00882814148019,0.0867589672659
swordfish,0,0,2.32156525758e-05,0.994728539723,0.00524824462419
endear,1,1,0.36012587657,0.0031172569159,0.636756866514
cheerless,-1,-1,0.954769836933,0.00666012682883,0.0385700362377
dreadful,-1,-1,0.907329208678,0.0035673038125,0.0891034875098
accomodating,1,1,0.0122741042072,0.0471246998569,0.940601195936
healthy,1,1,0.00124747230203,0.0515783469493,0.947174180749
feebleminded,-1,-1,0.974695415521,0.0132538293079,0.0120507551708
elegant,1,1,1.99002701521e-05,0.00547262576219,0.994507473968
presumptuously,-1,-1,0.851090164271,0.020459566949,0.12845026878
slanderously,-1,-1,0.884788903503,0.0730677714496,0.0421433250474
granola,0,0,0.000121214238305,0.987813547257,0.0120652385044
anchovy,0,0,9.73498429496e-06,0.997362059147,0.00262820586879
true,0,1,0.235180719578,0.104848707315,0.659970573107
kohlrabi,0,0,2.35261409493e-05,0.99502470808,0.00495176577915
dolt,-1,-1,0.977912425208,0.00862639045906,0.0134611843325
guiness,0,0,0.0208619942872,0.688905070976,0.290232934737
perverse,-1,-1,0.976202716534,0.00191978221203,0.0218775012535
woeful,-1,-1,0.94747918448,0.0035035988366,0.049017216683
citronella,0,0,0.00462269174409,0.984074540386,0.0113027678703
humourous,1,1,0.179577601889,0.0290757809332,0.791346617177
kringle,0,0,5.74988304412e-05,0.991950733629,0.00799176754041
sneakily,-1,-1,0.903754451369,0.0321774678902,0.0640680807408
ineffectively,-1,-1,0.989894937922,0.00219725774955,0.0079078043281
scrumptious,1,0,0.000355000745683,0.397990824129,0.601654175125
idiot,-1,-1,0.859086263638,0.052457726914,0.0884560094484
stylish,1,1,5.10944048345e-05,0.00671729369697,0.993231611898
ominously,-1,-1,0.963815811125,0.00753649622315,0.0286476926521
patty,0,0,1.82612848807e-06,0.999302300692,0.000695873179311
kingfish,0,0,1.95121950662e-05,0.995907468066,0.00407301973882
irreproachable,1,1,0.011687017928,0.00194948959225,0.98636349248
greatness,1,1,0.00119048462387,0.00188653335492,0.996922982021
nightmarish,-1,-1,0.945489001603,0.00541542531698,0.04909557308
vulgar,-1,-1,0.984848438178,0.00211860971132,0.0130329521109
fish,0,0,0.00133299992291,0.993914623462,0.0047523766154
chutney,0,0,5.81817453981e-06,0.997366576332,0.00262760549395
negligent,-1,-1,0.967771442874,0.00787158248266,0.0243569746431
selection,0,0,0.00739570758879,0.427024336311,0.5655799561
artwork,0,0,0.00485586056571,0.7931738319,0.201970307534
menu,0,0,0.000143089056091,0.986573576735,0.0132833342084
plague,-1,-1,0.852836491089,0.0548947308017,0.0922687781096
listlessness,-1,-1,0.964260249071,0.016552951206,0.0191867997233
judicious,1,1,0.0202488053075,0.0225505844418,0.957200610251
hostess,0,0,0.0580770413044,0.824092296342,0.117830662353
guiltily,-1,-1,0.872924900893,0.0588715910721,0.0682035080344
hash,0,0,0.00615740642006,0.947978595424,0.0458639981558
friend,0,0,0.0656521538648,0.737154220762,0.197193625373
credulous,-1,-1,0.971541619088,0.00296029531201,0.0254980856003
overlook,-1,-1,0.737475421778,0.0781578540959,0.184366724126
hideously,-1,-1,0.989466476785,0.00440608819259,0.0061274350223
unforgetable,1,1,0.0131807165458,0.0577110676326,0.929108215822
excellant,1,1,0.0303689101761,0.122104668309,0.847526421515
strange,-1,-1,0.868726789345,0.0188775385581,0.112395672097
sickeningly,-1,-1,0.964121824804,0.00657425757699,0.0293039176189
place,0,0,0.0295892844711,0.83756597798,0.132844737549
mincemeat,0,0,0.292709236102,0.361603505123,0.345687258775
straw,0,0,0.187518254684,0.76752522837,0.0449565169458
improvement,1,1,0.0409529232389,0.229884636163,0.729162440598
deceive,-1,-1,0.974281802556,0.00530333203645,0.0204148654074
appal,-1,-1,0.879873410555,0.0103410310396,0.109785558406
dastardly,-1,-1,0.934517501055,0.00673220940632,0.0587502895391
devour,1,1,0.114372766164,0.225825245309,0.659801988527
"ill-fated",-1,0,0.243272203197,0.498398955142,0.258328841661
nastily,-1,-1,0.961736883478,0.0191238434161,0.0191392731059
acerbically,-1,-1,0.867229291251,0.0170555785975,0.115715130152
martini,0,0,5.09591380908e-05,0.992093710908,0.0078553299537
malicious,-1,-1,0.968369268855,0.00907160726483,0.0225591238806
flavor,0,0,0.000236378815877,0.983127910959,0.0166357102249
granite,0,0,0.00076804705907,0.967918364723,0.031313588218
friendly,1,1,0.00358560655424,0.0500285600382,0.946385833408
morel,0,0,1.76624583813e-05,0.995755889188,0.00422644835352
fearful,-1,-1,0.987425642717,0.00542985511621,0.00714450216714
admirably,1,1,0.0023391192394,0.00066710219037,0.99699377857
infamously,-1,-1,0.975382277473,0.0149393486072,0.00967837391942
delight,1,1,0.00558276429281,0.0107233543109,0.983693881396
cocoa,0,0,0.00249289678589,0.991977387129,0.00552971608552
aesthetics,0,1,0.00909345555281,0.252004920703,0.738901623744
humorless,-1,-1,0.995444859576,0.000445125017728,0.00411001540609
classy,1,1,0.000642637781154,0.00678090922577,0.992576452993
sommelier,0,0,0.000678824428423,0.882265799478,0.117055376094
counter,0,0,0.207577603004,0.663169574395,0.129252822601
showeroom,0,0,0.243272203197,0.498398955142,0.258328841661
sinister,-1,-1,0.981517131924,0.00314214701346,0.0153407210626
joyously,1,1,0.0243511633007,0.0077150251357,0.967933811564
excel,1,1,0.00432659822917,0.0160081095116,0.979665292259
pea,0,0,0.0061396848872,0.987378545747,0.00648176936536
badly,-1,-1,0.986394611449,0.00624540503642,0.00735998351499
stupendously,1,0,0.377181016364,0.01667545575,0.606143527886
dollar,0,0,0.133105715298,0.77447472843,0.092419556272
stylishly,1,1,0.00218590585124,0.0122742308473,0.985539863301
obscenely,-1,-1,0.945835155008,0.00972595872385,0.0444388862681
irk,-1,-1,0.98134631695,0.00114895332697,0.017504729723
sumptuous,1,1,0.000739862102046,0.0371261587,0.962133979198
inability,-1,-1,0.962114723184,0.0207350523754,0.0171502244406
roofdeck,0,0,0.0371113541765,0.821872153672,0.141016492152
bulky,-1,-1,0.745128131591,0.095733095974,0.159138772434
raging,-1,-1,0.72563239509,0.168428700206,0.105938904704
misbegotten,-1,-1,0.986322597599,0.00423796137843,0.00943944102222
transcend,1,1,0.0353393751411,0.00500859732248,0.959652027536
luminary,1,1,0.0312957179644,0.155593960299,0.813110321736
junk,-1,0,0.60619036894,0.364325046724,0.0294845843361
"so-so",-1,0,0.243272203197,0.498398955142,0.258328841661
surround,0,1,0.0307496477905,0.230797361126,0.738452991084
deliver,0,1,0.013008790098,0.0892540534733,0.897737156429
unwatchable,-1,-1,0.975530014659,0.00165741021674,0.0228125751238
loveable,1,1,0.0424626591716,0.00966958779871,0.94786775303
soda,0,0,3.05596194917e-05,0.994458991455,0.00551044892577
successfully,1,1,0.0150512875925,0.0973757947138,0.887572917694
enchant,1,1,0.000479243428493,0.00214553711774,0.997375219454
bungle,-1,-1,0.975005823466,0.0216044583985,0.00338971813565
unpalatable,-1,-1,0.954268333034,0.0128788010308,0.0328528659353
indifferent,-1,-1,0.98228650987,0.00103997920446,0.016673510925
yellowtail,0,0,6.7402255681e-05,0.990994436804,0.00893816094022
resort,0,0,0.11965342326,0.788517358182,0.091829218558
nefariously,-1,-1,0.974443982832,0.0120301156669,0.013525901501
patio,0,0,4.904891608e-05,0.992296718933,0.00765423215083
adroit,1,1,0.0158126359229,0.000979038198131,0.983208325879
dependable,1,1,8.99271673501e-05,0.00374514048595,0.996164932347
spice,0,0,0.000494386631477,0.900335380825,0.0991702325431
despondently,-1,-1,0.847960914255,0.06623449138,0.085804594365
bluefish,0,0,0.00138011312227,0.994217880148,0.00440200672949
nuisance,-1,-1,0.97053552832,0.0197381435487,0.00972632813083
cappuccino,0,0,6.69703521859e-05,0.991280950911,0.00865207873633
own,0,1,0.0434061252745,0.187019237149,0.769574637577
honesty,1,1,0.0115058396466,0.0245909445464,0.963903215807
quality,0,1,0.0321293529061,0.292877774049,0.674992873045
blissfully,1,1,0.216533758244,0.0145672435586,0.768898998197
staunch,1,1,0.195024350743,0.041642944379,0.763332704878
sangria,0,0,2.24130016323e-05,0.994757487108,0.00522009988998
okra,0,0,2.64593527434e-05,0.994369698393,0.00560384225394
cocktail,0,0,0.00113895506154,0.98773255882,0.0111284861188
maladjusted,-1,-1,0.990512657122,0.000988210449117,0.00849913242878
wayward,-1,-1,0.921545351357,0.00870542109197,0.0697492275514
prosperous,1,1,0.00429767667211,0.0335443192235,0.962158004104
zwieback,0,0,0.243272203197,0.498398955142,0.258328841661
cruelly,-1,-1,0.956252246214,0.00357881038799,0.0401689433978
trustworthy,1,1,0.016573997086,0.00963208631695,0.973793916597
decent,0,1,0.0298831512706,0.0181265774348,0.951990271295
disappointingly,-1,0,0.54502142159,0.0214337153243,0.433544863086
pics,0,0,0.0478263772994,0.603359546456,0.348814076245
breathtaking,1,1,0.000410750361332,0.00202762025017,0.997561629388
despairing,-1,-1,0.940216330049,0.00318102795876,0.056602641992
mango,0,0,8.39044107897e-06,0.996811350468,0.0031802590911
adoringly,1,1,0.114488226903,0.0289378874094,0.856573885688
tortilla,0,0,5.30864801917e-07,0.999444178443,0.000555290691901
asinine,-1,-1,0.990709592263,0.0017148442076,0.00757556352971
irresponsible,-1,-1,0.99647124201,0.000682306398991,0.00284645159062
detrimental,-1,-1,0.966547831435,0.00825368649708,0.0251984820682
candle,0,0,0.000499845365246,0.974466315099,0.0250338395353
enthrall,1,1,0.00106125532276,0.00149267886236,0.997446065815
spumoni,0,0,0.000539130745423,0.920586290867,0.0788745783872
abalone,0,0,7.39856474166e-07,0.999275598065,0.0007236620783
angelic,1,1,0.0313675362501,0.00680903908697,0.961823424663
fresh,0,1,0.0007001238875,0.273748216475,0.725551659637
fondue,0,0,2.02116331468e-05,0.995028084905,0.00495170346197
just,0,0,0.550580842771,0.350749601205,0.0986695560234
coke,0,0,0.00622768971679,0.980603518653,0.0131687916298
inequitably,-1,-1,0.954610894342,0.0254806510716,0.0199084545869
brownie,0,0,0.0117869618336,0.965710774108,0.0225022640582
avariciously,-1,0,0.321341825873,0.339807632595,0.338850541532
reliable,1,1,0.000274741457174,0.01543729757,0.984287960973
hostile,-1,-1,0.988553622028,0.00151818587719,0.00992819209508
music,0,0,0.0205227773849,0.604718575465,0.37475864715
diverse,0,1,0.000103498764079,0.0124547534048,0.987441747831
turnip,0,0,0.0161562540063,0.980535038698,0.00330870729622
felony,-1,0,0.5089893685,0.367995825537,0.123014805962
trendi,1,0,0.243272203197,0.498398955142,0.258328841661
trout,0,0,3.89909545655e-05,0.993781302995,0.00617970604997
cataclysmically,-1,-1,0.908902820717,0.0354227510154,0.0556744282675
insufferably,-1,-1,0.973548372934,0.0019448236195,0.0245068034469
fillet,0,0,5.80715174866e-06,0.997544807296,0.00244938555231
meaningless,-1,-1,0.981116526081,0.00354207445971,0.0153413994594
fudge,0,0,0.0344025764444,0.96059152713,0.0050058964257
return,0,1,0.0702041304566,0.331608569079,0.598187300465
jealous,-1,-1,0.754432668409,0.0315668632364,0.214000468354
repugnant,-1,-1,0.986997761781,0.00113652275798,0.0118657154611
decoration,0,0,0.00177584154619,0.929369915212,0.0688542432421
bouillabaisse,0,0,0.000132963826155,0.987532299268,0.0123347369054
"ill-tempered",-1,0,0.243272203197,0.498398955142,0.258328841661
ecstatically,1,1,0.0199988369696,0.00533800366767,0.974663159363
careless,-1,-1,0.994432044704,0.00158685672917,0.00398109856636
various,0,0,0.0919275170925,0.435069831965,0.473002650943
kitchen,0,0,0.000116509916068,0.988100772627,0.0117827174572
unsupportive,-1,-1,0.995305173861,0.0010974654887,0.0035973606501
valuable,1,1,0.0211052166359,0.0259628728311,0.952931910533
inexpert,-1,-1,0.949568949776,0.0157751703392,0.0346558798843
venomous,-1,-1,0.929071321041,0.00277218980265,0.0681564891567
beneficent,1,1,0.0277785462665,0.00325191076783,0.968969542966
villainously,-1,-1,0.81412190682,0.0510296197224,0.134848473458
wary,-1,1,0.302675057303,0.0568646958742,0.640460246823
amiss,-1,-1,0.859940225689,0.0316572213104,0.108402553001
jelly,0,0,0.000350101409512,0.979195846912,0.0204540516789
appall,-1,-1,0.966984824689,0.00388556148162,0.0291296138297
advocate,1,0,0.189016121393,0.303064876328,0.507919002279
main,0,0,0.111088810763,0.74225340752,0.146657781717
popular,1,1,0.011555487472,0.0846019171138,0.903842595414
appreciative,1,1,2.74345088499e-06,2.47186091793e-06,0.999994784688
conch,0,0,4.02966483674e-05,0.993541769362,0.0064179339892
mercifully,1,-1,0.779964074166,0.0252604552562,0.194775470578
capable,1,1,0.00104475546018,0.00514950579452,0.993805738745
pasta,0,0,1.68035707203e-06,0.998591984414,0.00140633522894
amicably,1,1,0.0735558076636,0.0760401549808,0.850404037356
mayo,0,0,2.47484287972e-05,0.994731959705,0.00524329186649
bustle,1,1,0.00434292826925,0.152766875504,0.842890196227
comfy,1,1,0.0147376381178,0.0978978175489,0.887364544333
sardonic,-1,-1,0.691452159117,0.00677269577903,0.301775145104
horseradish,0,0,1.78359021374e-07,0.999550588197,0.000449233444404
peerless,1,1,0.00200089752659,0.000992929380546,0.997006173093
boredom,-1,-1,0.881660841674,0.0447036461408,0.0736355121847
unfriendly,-1,-1,0.999314848308,9.85431081011e-05,0.000586608583957
favourite,1,0,0.000165644590859,0.531102863014,0.468731492395
modern,1,1,0.0476913690593,0.0507779211034,0.901530709837
dauntless,1,1,0.0216347660624,0.00204197569536,0.976323258242
fucker,-1,-1,0.823714550756,0.168071898456,0.00821355078774
sturgeon,0,0,3.50308466784e-05,0.993889206207,0.00607576294648
charm,1,1,0.0135723322387,0.0477333317459,0.938694336015
forgettable,-1,1,0.104640133094,0.00499923086924,0.890360636037
fabulously,1,1,0.0223504959215,0.0255202012918,0.952129302787
impecable,1,1,0.085474575056,0.0979353670952,0.816590057849
catcher,1,0,0.0725444225293,0.783721253732,0.143734323739
unimaginative,-1,-1,0.990268702962,0.00155389546241,0.00817740157522
trick,-1,0,0.2475505873,0.365862665071,0.386586747629
unprofessional,-1,-1,0.999158717445,0.000122526248667,0.000718756306037
satisfied,1,1,0.00416252014825,0.0158060386569,0.980031441195
ingredient,0,0,0.00665275054817,0.980406758078,0.0129404913739
like,0,-1,0.626066205364,0.162484517343,0.211449277293
gaudy,-1,0,0.515359339525,0.0351052591522,0.449535401322
nifty,1,1,0.00218411960128,0.0285183316841,0.969297548715
apathy,-1,-1,0.992448056896,0.0042082411354,0.00334370196906
economical,1,1,0.000764432122033,0.0345117175351,0.964723850343
aspic,0,0,0.016592871431,0.87048731987,0.112919808699
harsh,-1,-1,0.963870939749,0.00548122292846,0.0306478373227
scratchy,-1,-1,0.842855730259,0.0483578839123,0.108786385828
cleverly,1,1,0.0429799983976,0.0204810728817,0.936538928721
sandwich,0,0,2.70458886336e-06,0.998724518888,0.00127277652359
dismal,-1,-1,0.962664417114,0.00284525883138,0.0344903240551
review,0,0,0.232021061615,0.526272412605,0.24170652578
pietra,0,0,0.173075362076,0.58317147059,0.243753167334
quacamole,0,0,0.000643543487698,0.971089652257,0.0282668042557
disgust,-1,-1,0.974871211376,0.00860040774442,0.0165283808796
peaceful,1,1,0.00227092325867,0.0167974471176,0.980931629624
salmon,0,0,1.44027135936e-05,0.996523241691,0.00346235559495
woe,-1,-1,0.784508793757,0.0268202748367,0.188670931407
gooseberry,0,0,0.00124869488427,0.990061523224,0.00868978189143
chowder,0,0,7.77700468463e-06,0.996942792174,0.00304943082098
painlessly,1,1,0.157400767009,0.0234512400387,0.819147992952
ackward,-1,-1,0.636626694817,0.141919662496,0.221453642687
agreeably,1,1,0.19886041332,0.0321405608251,0.768999025855
ameliorate,1,-1,0.643998001756,0.111345179054,0.244656819189
location,0,0,0.00420502715672,0.938773998155,0.0570209746881
befoul,-1,-1,0.940443214067,0.0274973823826,0.03205940355
bouillon,0,0,5.11118194999e-06,0.997569800521,0.00242508829684
uncomfy,-1,0,0.490528000093,0.243700227728,0.265771772179
bore,-1,0,0.313314464929,0.417543056247,0.269142478824
"maitre",0,0,0.243272203197,0.498398955142,0.258328841661
conspiratorial,-1,-1,0.979560556795,0.00368602300152,0.0167534202039
hominy,0,0,8.0354035802e-05,0.990154271294,0.00976537466988
impudent,-1,-1,0.908213456141,0.00474019666206,0.0870463471973
torpor,-1,-1,0.859571482447,0.0244860793584,0.115942438195
fascinate,1,1,0.0186835260759,0.00211580805013,0.979200665874
ricotta,0,0,9.16838449794e-06,0.996660233219,0.00333059839626
accommodative,1,1,0.163320723283,0.0235655652001,0.813113711517
asparagus,0,0,1.6078536382e-07,0.999608977969,0.00039086124548
croissant,0,0,5.49107514869e-06,0.998428059782,0.001566449143
venomously,-1,-1,0.950975514099,0.0153738488548,0.0336506370459
hovel,0,0,0.52174432045,0.409564324681,0.0686913548687
spoil,-1,1,0.188726786486,0.0912450068385,0.720028206675
insult,-1,-1,0.997616843202,0.00129020957123,0.00109294722629
impair,-1,-1,0.941110114403,0.0187758450694,0.0401140405281
liquor,0,0,0.0128384270652,0.981520823289,0.00564074964602
dismissive,-1,-1,0.981632610486,0.000903899766774,0.0174634897474
coleslaw,0,0,6.99099612922e-07,0.999090551327,0.00090874957328
reject,-1,-1,0.906550522319,0.0559624831665,0.0374869945144
margarine,0,0,8.58270044709e-07,0.999614713085,0.000384428644949
pestilent,-1,-1,0.908119878234,0.0298943097185,0.0619858120474
eclectic,1,1,0.00515369840977,0.0950924069964,0.899753894594
sweet,1,1,0.0331172577681,0.291164219924,0.675718522308
felicitous,1,1,0.00607388838233,0.00912187437096,0.984804237247
deceitfully,-1,-1,0.946716739861,0.0189036660778,0.0343795940609
cloying,-1,-1,0.841938009722,0.0165439852881,0.14151800499
hostel,0,0,0.0971074023063,0.865367943506,0.0375246541878
imposture,-1,-1,0.859577115506,0.0633491236667,0.0770737608269
flawless,1,1,2.56809117484e-06,2.48793008818e-06,0.999994943979
generously,1,1,0.00525670044078,0.0376657673333,0.957077532226
pleasurably,1,1,0.0762200724425,0.12038842444,0.803391503117
scenery,0,1,0.00173944334858,0.23373672629,0.764523830361
unappreciative,-1,-1,0.978508310928,0.000748836180717,0.0207428528914
lolly,0,0,0.0270865220169,0.965159729805,0.00775374817797
downside,-1,0,0.151627115181,0.358412723413,0.489960161407
felicitate,1,1,0.00603135968367,0.0463850116908,0.947583628625
candy,0,0,0.00509877085114,0.971459028155,0.0234422009934
avocado,0,0,6.26187081995e-06,0.997341262223,0.00265247590597
beneficially,1,1,0.112908932251,0.0524531200761,0.834637947673
coffee,0,0,2.14411884566e-05,0.994919665287,0.00505889352433
overcompensate,1,-1,0.978006568866,0.00856247158218,0.0134309595514
rabid,-1,-1,0.885934133648,0.00730588795966,0.106759978392
tire,-1,0,0.039978096241,0.921299733214,0.0387221705454
helpful,1,1,0.00223658177445,0.0265233574819,0.971240060744
unimportant,-1,-1,0.976726339754,0.00552804850922,0.0177456117364
profitable,1,1,0.031266221892,0.0693111756519,0.899422602456
gross,-1,-1,0.959709182393,0.02387290916,0.0164179084467
strudel,0,0,4.68728840077e-05,0.992788340945,0.00716478617084
deficiency,-1,-1,0.836175183169,0.0800585553806,0.0837662614502
unaccommodating,-1,-1,0.983855998695,0.00315063536686,0.0129933659383
awe,1,1,0.0123623102285,0.00592860885355,0.981709080918
cravenly,-1,-1,0.979789908109,0.00723610076492,0.012973991126
moron,-1,-1,0.92838136236,0.030442845377,0.0411757922631
inappropriate,-1,-1,0.918691451962,0.00794615023365,0.0733623978047
dessserts,0,0,0.243272203197,0.498398955142,0.258328841661
tamale,0,0,2.79102011555e-06,0.998294898494,0.00170231048627
"ill-used",-1,0,0.243272203197,0.498398955142,0.258328841661
importunate,-1,-1,0.719520568983,0.0144129800468,0.26606645097
tasty,1,0,0.000278314174819,0.491381891187,0.508339794638
disgustful,-1,0,0.243272203197,0.498398955142,0.258328841661
milkshake,0,0,0.00230540039199,0.994254648259,0.00343995134882
thin,0,-1,0.692273399131,0.185001031275,0.122725569594
rude,-1,-1,0.999384365826,0.00014760874836,0.000468025425767
dismay,-1,-1,0.986571786922,0.00354403887387,0.00988417420448
happy,1,1,0.000388722630591,0.0182770841294,0.98133419324
satisfied,1,1,0.00416252014825,0.0158060386569,0.980031441195
good,1,1,0.00951257927548,0.0671369968133,0.923350423911
positive,1,0,0.471233245332,0.0271910211015,0.501575733566
excellent,1,1,1.47678102695e-06,1.7570183841e-06,0.999996766201
flawless,1,1,2.56809117484e-06,2.48793008818e-06,0.999994943979
unimpaired,1,1,0.18504709864,0.0121335660692,0.80281933529
unhappy,-1,-1,0.956797657789,0.00930317187001,0.0338991703409
unsatisfied,-1,-1,0.974826349771,0.00548166977484,0.0196919804546
bad,-1,-1,0.988884916619,0.00801511384143,0.00309996953991
negative,-1,0,0.471104903781,0.0904495175008,0.438445578718
