word,Actual_Polarity,Calc_Polarity,NegativeSimilarity,NeutralSimilarity,PositiveSimilarity
outstand,1,1,0.0757404456588,0.243770305646,0.680489248695
disgust,-1,-1,0.993169054908,0.00494121553953,0.00188972955256
lighting,0,0,0.0160496335286,0.727450609484,0.256499756988
substandard,-1,-1,0.989071073833,0.00799649364759,0.00293243251925
worthlessly,-1,0,0.155831049148,0.577393719503,0.266775231349
calumniously,-1,0,0.155831049148,0.577393719503,0.266775231349
devious,-1,-1,0.935174141719,0.00375230918507,0.0610735490958
meatloaf,0,0,2.89998347678e-06,0.998275390415,0.00172170960169
hazelnut,0,0,1.86428757638e-06,0.998600519013,0.00139761669951
horrendously,-1,-1,0.996053194651,0.00195152884532,0.00199527650326
light,0,0,0.0507079258917,0.64427476905,0.305017305059
bother,-1,-1,0.960356899483,0.0229087990456,0.0167343014713
belligerently,-1,-1,0.99179875942,0.00106449929773,0.0071367412819
marzipan,0,0,0.000146028052964,0.986657713222,0.0131962587252
practical,1,1,0.0142576184627,0.175775552129,0.809966829408
winningest,1,1,0.00792217194767,0.0685491678336,0.923528660219
extensive,1,1,0.0025094851896,0.0794914566269,0.917999058184
wheat,0,0,1.19442114219e-05,0.997613911557,0.002374144232
cobweb,0,0,0.150640107987,0.797689372957,0.0516705190561
basil,0,0,3.49742822602e-06,0.997945350724,0.00205115184825
squab,0,0,0.000218944919787,0.983379023245,0.0164020318347
altruistic,1,1,0.0501493598071,0.00557260200865,0.944278038184
smutty,-1,-1,0.973156338471,0.0076910145445,0.0191526469842
ribbon,0,0,0.00181188296037,0.951943955451,0.0462441615884
grubby,-1,-1,0.974568153595,0.0158028198903,0.00962902651417
teapot,0,0,0.00365445478734,0.978851838053,0.0174937071595
train,1,0,0.0563392239405,0.571098810778,0.372561965281
insupportably,-1,0,0.155831049148,0.577393719503,0.266775231349
celery,0,0,9.07962228734e-07,0.999174589803,0.000824502234822
monstrously,-1,-1,0.92971770616,0.017577072785,0.0527052210551
aggressive,-1,-1,0.575659779804,0.0291383413787,0.395201878817
entertain,1,1,0.0212114716566,0.0629962053724,0.915792322971
disgust,-1,-1,0.993169054908,0.00494121553953,0.00188972955256
price,0,0,0.0335294474077,0.854707138263,0.111763414329
kickass,-1,1,0.0157045969502,0.0717079416762,0.912587461374
pan,0,0,0.00325230650007,0.964828157358,0.031919536142
revere,1,1,0.00577055139266,0.00549318814539,0.988736260462
indecently,-1,1,0.460299051902,0.0263199655061,0.513380982592
accomodative,1,1,0.189025486978,0.114054421892,0.69692009113
repressive,-1,-1,0.976722334786,0.00378718027226,0.0194904849421
illogic,-1,-1,0.987027272727,0.0053134888371,0.00765923843559
torpidity,-1,-1,0.683611914892,0.145711397713,0.170676687394
ridiculous,-1,-1,0.988581721331,0.00397707690127,0.00744120176775
sicken,-1,-1,0.972999099702,0.0170869472237,0.00991395307396
transcendent,1,1,0.000321144746597,0.00129909785805,0.998379757395
acrid,-1,-1,0.825734841834,0.142361009585,0.0319041485803
grumpily,-1,-1,0.986670813563,0.00836323454106,0.00496595189625
enchant,1,1,2.62143441829e-05,0.00150300736711,0.998470778289
enchantingly,1,1,0.00497022480549,0.0351005108631,0.959929264331
saute,0,0,9.23042676504e-06,0.996659898798,0.00333087077536
cognac,0,0,0.000154252782074,0.986247006108,0.0135987411095
appalling,-1,-1,0.995871913969,0.000587098660716,0.00354098737002
insult,-1,-1,0.99764638188,0.00169668960768,0.000656928512619
appropriate,1,1,0.0934714680405,0.109017438799,0.797511093161
walnut,0,0,1.94295503987e-06,0.998491395241,0.00150666180416
apprehensively,-1,-1,0.464602468398,0.129827201012,0.405570330589
handsomely,1,1,0.00312225202004,0.00766344030108,0.989214307679
peppy,1,1,0.000820697756293,0.00546745063551,0.993711851608
derogatory,-1,-1,0.993512325705,0.00504431263696,0.0014433616583
kiwi,0,0,0.00309864769171,0.965172894267,0.0317284580414
scornfully,-1,-1,0.995422486675,0.00131647563468,0.00326103769002
gelatin,0,0,2.44595047918e-05,0.994658826106,0.00531671438879
rotten,-1,-1,0.946196387197,0.0475870086666,0.00621660413668
harshly,-1,-1,0.994607294552,0.00115232670402,0.00424037874401
roll,0,0,0.0226796616979,0.652797093191,0.324523245111
abrupt,-1,-1,0.886652011054,0.0316280624097,0.0817199265362
talented,1,1,4.12697315158e-05,0.00189298443189,0.998065745837
huge,0,1,0.0251464441466,0.249267034637,0.725586521216
heavenly,1,1,0.0018498962248,0.0609017965331,0.937248307242
rapture,1,1,0.103329988658,0.0267005469757,0.869969464366
regrettable,-1,-1,0.94062306383,0.0054277719223,0.053949164248
meal,0,0,3.95723020601e-05,0.99301066337,0.0069497643283
mess,-1,-1,0.973785671733,0.0241024845996,0.00211184366729
clam,0,0,0.00317943447034,0.991233985462,0.0055865800675
slowwww,-1,0,0.155831049148,0.577393719503,0.266775231349
request,0,0,0.0280238135077,0.692039642185,0.279936544307
thankful,1,1,0.00310581294351,0.0208541059188,0.976040081138
delectation,1,1,0.0463467299512,0.147471998914,0.806181271135
awesomely,1,1,0.0285387103206,0.0356606713251,0.935800618354
beauty,1,1,0.0032189152059,0.1479698021,0.848811282694
majestic,1,1,7.47641267275e-05,0.00497172179991,0.994953514073
exquisite,1,1,5.60507400258e-05,0.00955283797954,0.99039111128
entire,0,-1,0.428923518986,0.34303481295,0.228041668064
hartshorn,0,0,0.155831049148,0.577393719503,0.266775231349
valiant,1,1,0.0368027384399,0.00407033679458,0.959126924766
magnificent,1,1,4.40517336511e-06,4.39996089848e-06,0.999991194866
ration,0,0,0.0628512359503,0.908327987266,0.0288207767841
seedy,-1,-1,0.933890671288,0.0450212926004,0.0210880361117
guava,0,0,6.00699157753e-06,0.99732989788,0.00266409512865
joyfully,1,1,0.00361622779378,0.00787440814514,0.988509364061
marinara,0,0,3.83826858864e-06,0.997972704988,0.00202345674338
disastrously,-1,-1,0.99227876493,0.00357091905133,0.00415031601866
overcharge,-1,-1,0.92457265541,0.0614422797719,0.0139850648185
disgraceful,-1,-1,0.999077434487,0.000318455251026,0.00060411026235
atrocious,-1,-1,0.978077573825,0.000787776055055,0.0211346501195
maliciously,-1,-1,0.992250643004,0.00398311921258,0.00376623778327
sloooow,-1,-1,0.468098126283,0.261382639657,0.270519234059
uncivil,-1,-1,0.999007945037,0.00027480573463,0.000717249228648
burger,0,0,9.21452953535e-07,0.999117386591,0.000881691955853
spirited,1,1,0.00267733096692,0.00358304855309,0.99373962048
tremendous,1,1,0.000145365029893,0.0136435740029,0.986211060967
nauseate,-1,-1,0.94684285973,0.0215625293744,0.0315946108956
trashy,-1,-1,0.966990631941,0.0161080569932,0.0169013110654
spurious,-1,-1,0.976123796455,0.0176474962324,0.00622870731222
servant,0,1,0.132764526629,0.196678523506,0.670556949865
compliment,1,1,0.0069405554957,0.0470481047101,0.946011339794
malevolently,-1,-1,0.972497805061,0.0122446503544,0.0152575445844
regrettably,-1,-1,0.920180212763,0.0273441580611,0.0524756291763
"high_quality",1,0,0.155831049148,0.577393719503,0.266775231349
macaroon,0,0,2.47406304154e-05,0.99523072076,0.00474453860927
bitch,-1,-1,0.95471379848,0.0403513412366,0.00493486028385
blissful,1,1,0.00248953328661,0.00591362973734,0.991596836976
unusable,-1,-1,0.95960536564,0.032072407403,0.00832222695668
abundant,1,1,0.00556953551122,0.0645505341779,0.929879930311
wholesome,1,1,0.00290356833596,0.036201054134,0.96089537753
hall,0,0,0.0591948526503,0.867529613794,0.0732755335555
complacent,-1,-1,0.979382914179,0.00383746772058,0.0167796181
delivery,0,0,0.0330405714452,0.682072554061,0.284886874494
passivity,-1,-1,0.989342338169,0.00334160773617,0.00731605409507
harmful,-1,-1,0.980185406643,0.00871293524604,0.0111016581112
delectable,1,1,0.000411406917252,0.142598304605,0.856990288477
valiantly,1,1,0.0808052170193,0.0121042859706,0.90709049701
section,0,0,0.246413568375,0.711464426797,0.042122004828
confusing,-1,-1,0.985152590522,0.00926555150463,0.00558185797343
talent,1,1,0.0035076724928,0.0649026488727,0.931589678635
enthusiastically,1,1,0.00351369050392,0.0119518121377,0.984534497358
smugly,-1,-1,0.878463473833,0.00936786610092,0.112168660066
glad,1,1,0.00908718878599,0.0593522935065,0.931560517708
pickle,0,0,0.0126579458619,0.978869250827,0.00847280331113
ladyfinger,0,0,4.01396180917e-05,0.993729570685,0.00623028969729
grandioso,1,0,0.155831049148,0.577393719503,0.266775231349
pomegranate,0,0,1.92895984518e-05,0.995158617302,0.00482209309928
corner,0,0,0.155542436269,0.662641606341,0.18181595739
merit,1,1,0.187055898612,0.237977332633,0.574966768755
stupidly,-1,-1,0.988411512153,0.00409364732153,0.00749484052575
basic,0,1,0.0572313023082,0.356404406732,0.58636429096
disrespectfully,-1,-1,0.995267694428,0.00323380176433,0.00149850380797
caviar,0,0,1.17938759413e-05,0.996264800078,0.00372340604578
poor,-1,-1,0.995282514392,0.00327305238095,0.00144443322719
lemon,0,0,0.00128593966112,0.994007186025,0.00470687431432
"ill-favored",-1,0,0.155831049148,0.577393719503,0.266775231349
option,0,0,0.0481317434467,0.704388651694,0.24747960486
cabernet,0,0,0.000242993593388,0.982337797494,0.0174192089127
legume,0,0,5.01802829553e-05,0.992705463763,0.00724435595446
acceptable,1,1,0.429997131746,0.0539201872888,0.516082680965
virtuously,1,1,0.0847250493986,0.0644674062631,0.850807544338
curry,0,0,3.20841854249e-06,0.998497557445,0.00149923413618
trust,1,-1,0.494073360879,0.215847595222,0.290079043899
snob,0,-1,0.374792030634,0.314169275905,0.311038693461
caper,0,0,0.191598293873,0.700941838071,0.107459868055
hoodwink,-1,-1,0.979424846478,0.00620043391464,0.0143747196072
grit,0,1,0.0367316070562,0.195329293646,0.767939099298
subpar,-1,-1,0.959175747341,0.0041873506437,0.036636902015
damn,-1,-1,0.774191294617,0.0787330232906,0.147075682092
rile,-1,-1,0.982325223293,0.00590151087657,0.0117732658302
wrap,0,0,0.0326012948493,0.768563902214,0.198834802936
caraway,0,0,0.000115952207089,0.987980821343,0.0119032264496
order,0,0,0.0797606699788,0.788815564805,0.131423765216
frustrate,-1,-1,0.96618720995,0.00320267407313,0.0306101159769
imaginative,1,1,0.000261748819909,0.00478154244901,0.994956708731
ineloquently,-1,0,0.155831049148,0.577393719503,0.266775231349
fuss,-1,-1,0.537352797667,0.154183728171,0.308463474161
stupidity,-1,-1,0.995911580828,0.0023476393148,0.00174077985764
pastry,0,0,3.90324595155e-07,0.999338662216,0.000660947459833
overpay,0,-1,0.625679630291,0.177269513269,0.19705085644
wedding,0,0,0.00237075169934,0.91445312497,0.0831761233309
festive,1,1,0.00438242044856,0.400073984496,0.595543595055
terrace,0,0,0.0020712759156,0.930497672819,0.0674310512652
agave,0,0,1.22009784335e-05,0.996158048421,0.00382975060091
riveting,1,1,0.0105530432444,0.00264486215604,0.9868020946
alarm,-1,-1,0.71550895509,0.243434536771,0.0410565081388
scene,0,0,0.0470524205284,0.589129085886,0.363818493586
inhospitable,-1,-1,0.845210838728,0.00819145728944,0.146597703983
unhappiness,-1,-1,0.986395650674,0.0040957521125,0.00950859721346
flower,0,0,0.000483195730312,0.975037457252,0.0244793470173
nark,1,-1,0.831020781087,0.149002541627,0.0199766772867
enjoyable,1,1,2.32646438495e-06,2.37187964631e-06,0.999995301656
toffee,0,0,6.72785553718e-05,0.991107107688,0.00882561375699
skewer,0,0,0.097418159045,0.79054149409,0.112040346865
wondrous,1,1,0.00027850720895,0.00253954116953,0.997181951622
gourmet,1,0,7.36198078586e-05,0.964460750408,0.0354656297839
worry,-1,-1,0.894744216892,0.0711677761777,0.0340880069305
haddock,0,0,5.030449107e-06,0.997836615658,0.00215835389315
bemuse,-1,1,0.422317524072,0.0204878169822,0.557194658946
"ill-natured",-1,0,0.155831049148,0.577393719503,0.266775231349
caffe,0,0,0.000734951602228,0.968844143356,0.0304209050417
inedible,-1,0,0.419815551346,0.569303866469,0.0108805821849
fry,0,0,0.00841504656422,0.986080036692,0.0055049167436
adverse,-1,-1,0.843997678888,0.0710266775,0.0849756436116
appetizer,0,0,1.58270792656e-05,0.995650910542,0.00433326237861
tender,1,1,0.00537748033435,0.294179527101,0.700442992565
sickly,-1,-1,0.953013212491,0.0261814753948,0.0208053121141
pear,0,0,1.54445377657e-06,0.998662512469,0.00133594307735
betray,-1,-1,0.968439819686,0.00694644958913,0.0246137307253
atmoshere,0,0,0.155831049148,0.577393719503,0.266775231349
affectionate,1,1,0.00154990059619,0.00175726296772,0.996692836436
annoy,-1,-1,0.991868147913,0.00368098396044,0.00445086812657
succotash,0,0,0.000225225355511,0.98323577597,0.0165389986743
tinny,-1,-1,0.833438668585,0.105236404026,0.0613249273887
deplore,-1,-1,0.99294571066,0.00291912923841,0.0041351601011
cantaloupe,0,0,1.27171742362e-06,0.998946998607,0.00105172967564
kabob,0,0,9.48343650129e-06,0.996611314197,0.00337920236655
boring,-1,-1,0.958970212251,0.00555258676264,0.0354772009865
feeble,-1,-1,0.993819940144,0.00116605745585,0.00501400239993
crude,-1,0,0.442679423788,0.477373026326,0.0799475498858
lobster,0,0,3.96493837744e-06,0.997887949903,0.00210808515834
wild_rice,0,0,0.155831049148,0.577393719503,0.266775231349
desk,0,0,0.0609347092717,0.865292314345,0.073772976383
frontman,0,-1,0.4188190822,0.258296065247,0.322884852553
enticing,1,1,0.0139946695597,0.0227031105206,0.96330221992
authentic,1,1,0.0013490020849,0.0581887892809,0.940462208634
overrate,-1,-1,0.894362668008,0.00845785427394,0.0971794777178
dirty,0,-1,0.963978105694,0.0267241959054,0.00929769840032
cucumber,0,0,1.41165334585e-05,0.996028820285,0.00395706318151
gloriously,1,1,0.0267156401237,0.00730401105381,0.965980348822
terrible,-1,-1,0.995664234705,0.0019323835988,0.00240338169626
affordably,1,1,0.00238731656399,0.079365428163,0.918247255273
harassment,-1,-1,0.958654305155,0.0346548072274,0.00669088761749
melt,1,0,0.0536727327958,0.691000339475,0.255326927729
heartily,1,1,0.0054868501486,0.0276621680937,0.966850981758
overzealous,-1,-1,0.994054261972,0.00429059177047,0.00165514625796
heavy-handed,-1,0,0.155831049148,0.577393719503,0.266775231349
gluten,0,0,0.00332955684167,0.991631600236,0.00503884292248
heartless,-1,-1,0.99808818245,0.000415956656553,0.00149586089377
endear,1,1,0.176452158328,0.00246108748541,0.821086754186
slanderous,-1,-1,0.996853094218,0.00215530119217,0.000991604589623
comfort,0,1,0.0079374733285,0.0956909307601,0.896371595911
syrah,0,0,0.000122353207946,0.98757900458,0.0122986422118
montparnasse,0,0,0.155831049148,0.577393719503,0.266775231349
gracefully,1,1,0.000607802670653,0.0023028323324,0.997089364997
nasty,-1,-1,0.989687099959,0.00600543996883,0.00430746007191
hysterically,-1,-1,0.990274119829,0.00245788215341,0.00726799801801
pudding,0,0,2.79061493957e-05,0.994158183688,0.00581391016236
motel,0,0,0.0545130582183,0.932406672988,0.0130802687941
veggies,0,0,4.37637912671e-06,0.997705181575,0.00229044204606
antipasto,0,0,8.37420808856e-06,0.996812009163,0.00317961662886
torpiness,-1,0,0.155831049148,0.577393719503,0.266775231349
treacherously,-1,-1,0.873165166111,0.0308658801479,0.0959689537411
food,0,0,0.00112712855543,0.990671898514,0.00820097293087
smooth,1,1,0.00197949251966,0.024398936846,0.973621570634
pack,-1,0,0.0946314677115,0.718327762064,0.187040770224
torturous,-1,-1,0.952731986948,0.00522797823369,0.042040034818
blameless,1,-1,0.980155067422,0.00118582901539,0.0186591035624
busboy,0,0,0.0545219036547,0.906966275323,0.0385118210225
fromager,0,0,0.0379550270071,0.641112000352,0.320932972641
annihilate,-1,-1,0.81653700204,0.0138005682713,0.169662429689
success,1,1,0.00644445611981,0.0802019757713,0.913353568109
balsamic,0,0,1.06039666319e-05,0.996410110615,0.00357928541872
bean,0,0,5.34888369703e-06,0.998010265301,0.00198438581501
doughnut,0,0,0.155831049148,0.577393719503,0.266775231349
uncompetitive,-1,-1,0.992644166221,0.00457064193209,0.00278519184656
next,0,0,0.0171371836012,0.557478887593,0.425383928806
dark,0,-1,0.495700055466,0.203592225282,0.300707719252
awe,1,1,0.00172889129118,0.00447662206756,0.993794486641
piteous,-1,-1,0.986530886113,0.00301672262138,0.0104523912654
hilarious,1,1,0.112216077069,0.0108642500335,0.876919672897
outperformance,1,1,0.0354097867669,0.231838928624,0.732751284609
arrogant,-1,-1,0.998429699768,0.000197895382561,0.00137240484941
thai,0,0,0.0386557198431,0.890061384157,0.0712828960003
attractively,1,1,0.0017371685967,0.0208914273953,0.977371404008
"%c%c*bread",0,0,0.155831049148,0.577393719503,0.266775231349
sarcastically,-1,-1,0.940069121426,0.02836691276,0.0315639658144
present,0,1,0.0181286506329,0.24018331273,0.741688036638
joint,0,0,0.108920664422,0.691946139192,0.199133196387
alcohol,0,0,0.0224359497713,0.967127508744,0.0104365414851
discontented,-1,-1,0.969051337066,0.00523260638991,0.025716056544
sparerib,0,0,0.155831049148,0.577393719503,0.266775231349
appallingly,-1,-1,0.99676315525,0.00077577017364,0.00246107457632
staid,-1,1,0.300745154233,0.0187003267179,0.680554519049
shrimp,0,0,3.55456742385e-07,0.99941372202,0.000585922522926
throw,-1,0,0.237827464492,0.621211605853,0.140960929655
waitstaffs,0,0,0.0742657716144,0.584997290532,0.340736937854
costly,0,-1,0.930857659813,0.0261150685889,0.0430272715978
ashamed,-1,-1,0.984891938392,0.00241454437817,0.0126935172297
quarrelsome,-1,-1,0.978179068578,0.00559628049154,0.0162246509304
mussles,0,0,0.155831049148,0.577393719503,0.266775231349
ingeniously,1,1,0.0155750050735,0.0300008786022,0.954424116324
brutally,-1,-1,0.888550556791,0.0212550897553,0.0901943534538
disgust,-1,-1,0.993169054908,0.00494121553953,0.00188972955256
unprofitable,-1,-1,0.862551474015,0.0520885694689,0.0853599565162
nectar,0,0,0.000185554710273,0.95268431593,0.04713012936
calumnious,-1,-1,0.983865996461,0.00801121143352,0.00812279210532
simple,0,1,0.00467086005543,0.0651634765778,0.930165663367
defamatory,-1,-1,0.988467033134,0.00408641669515,0.00744655017092
run-down,-1,0,0.155831049148,0.577393719503,0.266775231349
bounteous,1,1,0.00194459804621,0.0194439219439,0.97861148001
dishonorablely,-1,0,0.155831049148,0.577393719503,0.266775231349
flounder,0,0,0.0717364942926,0.892237807759,0.0360256979481
mousse,0,0,1.64156794951e-05,0.995575346827,0.00440823749392
ramshackle,-1,-1,0.7030464077,0.135492306287,0.161461286013
quaint,1,1,0.0262458732016,0.0923621723936,0.881391954405
top_notch,1,0,0.155831049148,0.577393719503,0.266775231349
sweetness,1,1,0.00130089678903,0.375800747071,0.62289835614
crowd,-1,1,0.018039353728,0.213014279864,0.768946366408
ignorance,-1,-1,0.990111462793,0.00605997728401,0.00382855992301
ramp,0,0,0.0714055041457,0.649445063298,0.279149432556
overprice,-1,-1,0.947585225385,0.0422116284197,0.0102031461956
tiresome,-1,-1,0.991326422765,0.0013150248725,0.00735855236298
must,1,1,0.0125926096099,0.126545432938,0.860861957452
occasion,0,1,0.00611579764839,0.151252908538,0.842631293814
scant,-1,-1,0.683341048213,0.127009857859,0.189649093928
snobish,-1,0,0.155831049148,0.577393719503,0.266775231349
beat,-1,1,0.0183588263006,0.134388729551,0.847252444149
stellar,1,1,0.000547961041112,0.0027914749,0.996660564059
impressively,1,1,0.000266570742982,0.00224921007423,0.997484219183
disparage,-1,-1,0.975365986754,0.00379864093776,0.0208353723087
heaviness,-1,1,0.332533666652,0.239838248203,0.427628085145
borscht,0,0,2.48912854473e-05,0.994651014548,0.00532409416665
view,0,1,0.140588688275,0.379674016563,0.479737295162
dreck,-1,-1,0.978413741228,0.00857096396645,0.0130152948051
admiration,1,1,0.00114600852554,0.00368952434113,0.995164467133
belittle,-1,-1,0.992672280763,0.00269626137407,0.00463145786263
cram,-1,-1,0.624987237402,0.254156367854,0.120856394744
collard,0,0,1.99403412973e-05,0.995414087299,0.00456597235921
pecan,0,0,6.28245301485e-07,0.999164296134,0.000835075620702
masterful,1,1,1.00134903773e-06,5.46611523219e-07,0.999998452039
great,0,1,8.75819497128e-05,0.0118713937653,0.988041024285
cook,0,0,2.6787974397e-05,0.994700374251,0.00527283777412
souffle,0,0,0.000376502384936,0.978260517871,0.0213629797437
high-spirited,1,0,0.155831049148,0.577393719503,0.266775231349
beautiful,1,1,1.2304403649e-05,0.00460126970732,0.995386425889
surpass,1,1,0.00758452695974,0.0275661917177,0.964849281323
chick,0,0,0.102207237745,0.84241804855,0.0553747137043
refresh,1,1,0.0240098169858,0.339946129898,0.636044053116
water,0,0,0.0142604712034,0.958018163164,0.0277213656323
stuffy,-1,-1,0.895402101133,0.0501633886937,0.0544345101735
dextrous,1,1,0.00149012199868,0.00350953903091,0.99500033897
uninteresting,-1,-1,0.985592480298,0.00350404895737,0.0109034707443
swordfish,0,0,9.81913888702e-06,0.996837657511,0.00315252335024
endear,1,1,0.176452158328,0.00246108748541,0.821086754186
cheerless,-1,-1,0.978053935994,0.00510133092297,0.0168447330833
dreadful,-1,-1,0.981653951556,0.0014251327758,0.0169209156678
accomodating,1,1,0.0100865410737,0.0340484663813,0.955864992545
healthy,1,1,0.00182752372957,0.0615910573617,0.936581418909
feebleminded,-1,-1,0.984249275308,0.00992864831151,0.0058220763801
elegant,1,1,3.41073464892e-05,0.00800735265683,0.991958539997
presumptuously,-1,-1,0.837628397689,0.0224738162316,0.139897786079
slanderously,-1,-1,0.880705508941,0.0856916642513,0.0336028268079
granola,0,0,6.03649591723e-05,0.991888321698,0.00805131334323
anchovy,0,0,7.40069440498e-06,0.99734239497,0.00265020433535
true,0,1,0.0151660034207,0.0540205821507,0.930813414429
kohlrabi,0,0,2.61561317229e-05,0.994445274477,0.0055285693909
dolt,-1,-1,0.983349999673,0.00817577229605,0.00847422803137
guiness,0,0,0.02259420248,0.776235345543,0.201170451977
perverse,-1,-1,0.986830883166,0.00158773952184,0.0115813773126
woeful,-1,-1,0.976746604365,0.0024336181907,0.0208197774443
citronella,0,0,0.00148687289283,0.986433004573,0.0120801225338
humourous,1,1,0.0737720891076,0.0257124797474,0.900515431145
kringle,0,0,4.66730740936e-05,0.992503613238,0.00744971368792
sneakily,-1,-1,0.913917179934,0.0404309834289,0.0456518366376
ineffectively,-1,-1,0.995848884535,0.00182421135367,0.00232690411097
scrumptious,1,1,0.000295570885765,0.488808577759,0.510895851355
idiot,-1,-1,0.975955424568,0.0149787247649,0.00906585066721
stylish,1,1,5.11429432119e-05,0.00874067047418,0.991208186583
ominously,-1,-1,0.976555438016,0.00510048053621,0.0183440814479
patty,0,0,1.41825904044e-06,0.998783939927,0.00121464181347
kingfish,0,0,1.4603213364e-05,0.996078913879,0.00390648290745
irreproachable,1,1,0.0011321027768,0.00108481109462,0.997783086129
greatness,1,1,0.000422240638844,0.00209087782778,0.997486881533
nightmarish,-1,-1,0.971326932364,0.00389486519144,0.024778202445
vulgar,-1,-1,0.990516534811,0.00224734287538,0.0072361223139
fish,0,0,1.60935517295e-05,0.996725403671,0.00325850277725
chutney,0,0,8.0848184033e-06,0.996872684882,0.00311923030001
negligent,-1,-1,0.976253540742,0.0057443513688,0.0180021078896
selection,0,0,0.0136606793863,0.525572722859,0.460766597755
artwork,0,0,0.00455418436011,0.825387822164,0.170057993476
menu,0,0,5.14487702484e-05,0.992046224456,0.00790232677381
plague,-1,-1,0.977631707955,0.0149503729255,0.00741791911935
listlessness,-1,-1,0.974055154826,0.0162272500911,0.00971759508266
judicious,1,1,0.00722050043071,0.0254747387329,0.967304760836
hostess,0,0,0.00684807483998,0.745479848322,0.247672076838
guiltily,-1,-1,0.861277272287,0.0810754531217,0.0576472745911
hash,0,0,0.0246613357994,0.950809044311,0.0245296198891
friend,0,1,0.0131340917606,0.458671165441,0.528194742799
credulous,-1,-1,0.985617339918,0.00216934938678,0.0122133106952
overlook,-1,1,0.397090506751,0.133432392811,0.469477100439
hideously,-1,-1,0.991331941235,0.00538601396218,0.00328204480264
unforgetable,1,1,0.00686206666661,0.0560944110816,0.937043522252
excellant,1,1,0.0143952668203,0.119649995133,0.865954738046
strange,-1,-1,0.819729855749,0.0204200771675,0.159850067083
sickeningly,-1,-1,0.924449767633,0.0110216754513,0.0645285569154
place,0,0,0.0345531037648,0.813698995618,0.151747900617
mincemeat,0,0,0.235548339472,0.38294140008,0.381510260448
straw,0,0,0.268730618537,0.714696683199,0.0165726982634
improvement,1,1,0.0472385902822,0.241525125961,0.711236283757
deceive,-1,-1,0.982181178819,0.00456062617757,0.0132581950037
appal,-1,-1,0.88910495972,0.0114585753598,0.0994364649199
dastardly,-1,-1,0.953472614865,0.0049040711847,0.04162331395
devour,1,1,0.286397898849,0.251569342261,0.46203275889
"ill-fated",-1,0,0.155831049148,0.577393719503,0.266775231349
nastily,-1,-1,0.987761168196,0.00902102136405,0.00321781044003
acerbically,-1,-1,0.88926806679,0.0162402996331,0.0944916335769
martini,0,0,1.32057383454e-05,0.996027698399,0.00395909586305
malicious,-1,-1,0.981988926376,0.00649042275884,0.0115206508648
flavor,0,0,0.000175297489949,0.985220716166,0.0146039863442
granite,0,0,0.000493145250845,0.974701080279,0.02480577447
friendly,1,1,0.00163361543092,0.0205347441364,0.977831640433
morel,0,0,1.80817672211e-05,0.99542931476,0.00455260347258
fearful,-1,-1,0.992955534061,0.00438357914062,0.00266088679812
admirably,1,1,1.8874421087e-06,1.02304152594e-06,0.999997089516
infamously,-1,-1,0.982399322461,0.0126584317582,0.0049422457806
delight,1,1,6.47926469835e-05,0.00369310599287,0.99624210136
cocoa,0,0,2.74782223882e-05,0.994725922257,0.00524659952108
aesthetics,0,1,0.0174939544179,0.304400361128,0.678105684454
humorless,-1,-1,0.998635347095,0.000291345281459,0.00107330762381
classy,1,1,6.38007174044e-05,0.00369673615977,0.996239463123
sommelier,0,0,0.000375554590674,0.904319363423,0.0953050819868
counter,0,0,0.355848338548,0.596805526977,0.047346134475
showeroom,0,0,0.155831049148,0.577393719503,0.266775231349
sinister,-1,-1,0.990619272284,0.00250628324843,0.00687444446733
joyously,1,1,0.00395273123444,0.00570791850635,0.990339350259
excel,1,1,0.00203457398202,0.0125498000953,0.985415625923
pea,0,0,0.00271415976252,0.99191097231,0.00537486792777
badly,-1,-1,0.941858433318,0.0305137444623,0.0276278222198
stupendously,1,1,0.211246472296,0.014150174906,0.774603352798
dollar,0,0,0.131515101815,0.782355074453,0.0861298237326
stylishly,1,1,0.00195364908481,0.0111460857195,0.986900265196
obscenely,-1,-1,0.959521932016,0.00795118210491,0.0325268858786
irk,-1,-1,0.992178560206,0.000667678327408,0.00715376146616
sumptuous,1,1,0.000889464186627,0.045028885771,0.954081650042
inability,-1,-1,0.967247918319,0.0225737579505,0.0101783237306
roofdeck,0,0,0.0160812649443,0.846408879721,0.137509855335
bulky,-1,-1,0.757098169618,0.104230310262,0.138671520119
raging,-1,-1,0.705108031385,0.189266237786,0.105625730828
misbegotten,-1,-1,0.991652565062,0.00423481567186,0.00411261926574
transcend,1,1,0.00617845262814,0.00388303783442,0.989938509537
luminary,1,1,0.0175148225346,0.164683455713,0.817801721753
junk,-1,-1,0.643700106477,0.339626845949,0.0166730475743
"so-so",-1,0,0.155831049148,0.577393719503,0.266775231349
surround,0,1,0.0700900756826,0.288933366325,0.640976557993
deliver,0,1,0.018021736669,0.111475388417,0.870502874914
unwatchable,-1,-1,0.990016375165,0.00123511795256,0.008748506882
loveable,1,1,0.00796195237439,0.00751370510575,0.98452434252
soda,0,0,0.00314470005773,0.995470094175,0.00138520576746
successfully,1,1,0.0197596342873,0.0765507390454,0.903689626667
enchant,1,1,2.62143441829e-05,0.00150300736711,0.998470778289
bungle,-1,-1,0.978663276794,0.019233190129,0.00210353307681
unpalatable,-1,-1,0.974050519028,0.0130323262624,0.01291715471
indifferent,-1,-1,0.992708102524,0.00064092841864,0.0066509690576
yellowtail,0,0,3.99519589007e-05,0.993113201255,0.00684684678653
resort,0,0,0.0756154306026,0.807239144802,0.117145424595
nefariously,-1,-1,0.983597653276,0.00988342510856,0.00651892161578
patio,0,0,0.000352234340427,0.978554494328,0.0210932713319
adroit,1,1,0.00209097114673,0.000740905646808,0.997168123206
dependable,1,1,4.11232574082e-05,0.00457486471752,0.995384012025
spice,0,0,0.00139928441745,0.956975444266,0.0416252713168
despondently,-1,-1,0.849899821001,0.0763056025305,0.0737945764683
bluefish,0,0,1.80004047655e-05,0.996179155952,0.00380284364309
nuisance,-1,-1,0.971101005014,0.022720436508,0.00617855847837
cappuccino,0,0,2.94054044396e-05,0.994379811666,0.00559078292999
own,0,1,0.236317693109,0.220486984857,0.543195322034
honesty,1,1,0.0391459769719,0.0429177111258,0.917936311902
quality,0,1,0.016439886339,0.278658142114,0.704901971547
blissfully,1,1,0.103718116203,0.0119846332459,0.884297250551
staunch,1,1,0.107429665168,0.0382541561575,0.854316178674
sangria,0,0,3.09004619297e-06,0.998071837409,0.00192507254486
okra,0,0,1.61118845039e-05,0.995987000137,0.00399688797899
cocktail,0,0,0.00148590051949,0.988434178619,0.0100799208618
maladjusted,-1,-1,0.99563532533,0.000798521717549,0.00356615295206
wayward,-1,-1,0.933917872291,0.00959971259298,0.0564824151163
prosperous,1,1,0.00251131259802,0.0323062425947,0.965182444807
zwieback,0,0,0.155831049148,0.577393719503,0.266775231349
cruelly,-1,-1,0.971618733121,0.00214525541007,0.026236011469
trustworthy,1,1,0.00235315021143,0.00689884977902,0.99074800001
decent,0,1,0.0292877079043,0.0215059163624,0.949206375733
disappointingly,-1,-1,0.810732509412,0.0137133323917,0.175554158197
pics,0,0,0.117888348724,0.575493912213,0.306617739063
breathtaking,1,1,0.000195083840409,0.00174243336802,0.998062482792
despairing,-1,-1,0.953834422786,0.00318936045843,0.0429762167556
mango,0,0,6.79816749085e-06,0.997138725041,0.00285447679162
adoringly,1,1,0.0442104358489,0.0226736876842,0.933115876467
tortilla,0,0,6.54653617558e-07,0.99943923994,0.00056010540678
asinine,-1,-1,0.995622042197,0.00157908290824,0.00279887489521
irresponsible,-1,-1,0.99869123914,0.00055101247925,0.000757748381018
detrimental,-1,-1,0.981515345756,0.0051394502526,0.0133452039916
candle,0,0,0.00042330550023,0.976536770089,0.0230399244105
enthrall,1,1,8.95995956651e-05,0.0012255692584,0.998684831146
spumoni,0,0,0.00108813046852,0.961325972903,0.0375858966283
abalone,0,0,5.8916934869e-07,0.999244675171,0.000754735659288
angelic,1,1,0.00472390100922,0.00442131696421,0.990854782027
fresh,0,1,0.00123177606458,0.420153167134,0.578615056801
fondue,0,0,2.3723623042e-06,0.99831197864,0.00168564899727
just,0,0,0.349581529726,0.456823970309,0.193594499965
coke,0,0,0.0198495032571,0.97676086189,0.00338963485275
inequitably,-1,-1,0.967788769757,0.0215263849513,0.0106848452919
brownie,0,0,0.0104281193547,0.969433132445,0.0201387482
avariciously,-1,1,0.223936646577,0.387633084814,0.388430268609
reliable,1,1,0.00134696795194,0.0114569515317,0.987196080516
hostile,-1,-1,0.992380518287,0.00157139878592,0.00604808292679
music,0,0,0.0180765240994,0.613668850487,0.368254625413
diverse,0,1,0.00172011664277,0.0281931285134,0.970086754844
turnip,0,0,0.00660779412842,0.991094208898,0.00229799697317
felony,-1,-1,0.4372038274,0.423305710793,0.139490461807
trendi,1,0,0.155831049148,0.577393719503,0.266775231349
trout,0,0,4.13080299049e-05,0.993052828863,0.00690586310723
cataclysmically,-1,-1,0.918456251576,0.0382428433575,0.0433009050667
insufferably,-1,-1,0.985570802511,0.00141230953807,0.0130168879506
fillet,0,0,7.17345100892e-06,0.997101116359,0.00289171019045
meaningless,-1,-1,0.991246099495,0.00290439781461,0.00584950268997
fudge,0,0,0.00972262300798,0.98433505623,0.00594232076163
return,0,-1,0.427671048063,0.355081516176,0.217247435761
jealous,-1,-1,0.965284079194,0.0094524184449,0.0252635023608
repugnant,-1,-1,0.994250331522,0.000999679382963,0.00474998909455
decoration,0,0,0.00205310980773,0.950563430292,0.0473834598998
bouillabaisse,0,0,5.26435914854e-05,0.992271826115,0.00767553029401
"ill-tempered",-1,0,0.155831049148,0.577393719503,0.266775231349
ecstatically,1,1,0.00312596134311,0.00363379370436,0.993240244953
careless,-1,-1,0.996776202025,0.00172108743501,0.00150271054017
various,0,1,0.0934146988889,0.424499219259,0.482086081853
kitchen,0,0,8.35569447437e-05,0.989963516235,0.00995292682027
unsupportive,-1,-1,0.998507816939,0.000606800471715,0.000885382588896
valuable,1,1,0.00581649534869,0.0224137098837,0.971769794768
inexpert,-1,-1,0.96642564241,0.0130823406922,0.0204920168974
venomous,-1,-1,0.937796531336,0.00265808019966,0.059545388464
beneficent,1,1,0.00424350974517,0.00205240371409,0.993704086541
villainously,-1,-1,0.789156275732,0.0622017423093,0.148641981958
wary,-1,-1,0.918037958812,0.0223955545278,0.0595664866604
amiss,-1,-1,0.885514121617,0.0311168654177,0.0833690129651
jelly,0,0,0.00271945118778,0.989009655168,0.0082708936438
appall,-1,-1,0.983058187604,0.00346386821166,0.0134779441847
advocate,1,1,0.0735465865058,0.323570963213,0.602882450281
main,0,0,0.15172428387,0.699638130158,0.148637585972
popular,1,1,0.00730499271732,0.0638937768778,0.928801230405
appreciative,1,1,3.35366382323e-06,2.77335076028e-06,0.999993872985
conch,0,0,5.07376408366e-05,0.992265456926,0.007683805433
mercifully,1,-1,0.743589733672,0.0287810314701,0.227629234858
capable,1,1,0.00186162606935,0.0065070545314,0.991631319399
pasta,0,0,1.7372904944e-06,0.998570369176,0.00142789353353
amicably,1,1,0.0288202108902,0.0779094773179,0.893270311792
mayo,0,0,2.11394808063e-05,0.996158935787,0.00381992473176
bustle,1,1,0.00479856158158,0.180235373501,0.814966064918
comfy,1,1,0.0135453877229,0.104042014036,0.882412598241
sardonic,-1,-1,0.58394728729,0.00727989787853,0.408772814831
horseradish,0,0,1.2561378874e-07,0.999631326089,0.000368548297539
peerless,1,1,3.33208298571e-06,2.02045028747e-06,0.999994647467
boredom,-1,-1,0.893874452203,0.0558743262427,0.0502512215545
unfriendly,-1,-1,0.999198041696,0.000222425874971,0.000579532428709
favourite,1,0,0.155831049148,0.577393719503,0.266775231349
modern,1,1,0.0286356897899,0.069801083992,0.901563226218
dauntless,1,1,0.00404570479933,0.00124371970588,0.994710575495
fucker,-1,-1,0.747046586607,0.244180708972,0.00877270442027
sturgeon,0,0,3.68695095729e-05,0.993399518888,0.0065636116021
charm,1,1,0.0053387736909,0.0320070501559,0.962654176153
forgettable,-1,-1,0.53370283733,0.00556035570388,0.460736806966
fabulously,1,1,0.00665058250152,0.0207361323079,0.972613285191
impecable,1,1,0.0337676132317,0.0939681320498,0.872264254718
catcher,1,0,0.0365406766876,0.795523172431,0.167936150882
unimaginative,-1,-1,0.995866681701,0.00133538039165,0.00279793790691
trick,-1,0,0.246627948403,0.394249590805,0.359122460792
unprofessional,-1,-1,0.999638114061,0.000105711255991,0.000256174683457
satisfied,1,1,0.00925412042679,0.0131638113825,0.977582068191
ingredient,0,0,0.000138102000756,0.986967814061,0.0128940839384
like,0,1,0.0759734812415,0.155435349107,0.768591169652
gaudy,-1,1,0.36256229491,0.0382124465536,0.599225258536
nifty,1,1,0.0079328704952,0.0473123101922,0.944754819313
apathy,-1,-1,0.99484525345,0.00393558410647,0.0012191624438
economical,1,1,0.00464609477361,0.0645408702419,0.930813034985
aspic,0,0,0.00750809530825,0.882657161252,0.109834743439
harsh,-1,-1,0.982860968379,0.00418024203046,0.0129587895904
scratchy,-1,-1,0.866198217818,0.0479900434818,0.0858117387003
cleverly,1,1,0.0337969459794,0.0209678480469,0.945235205974
sandwich,0,0,2.9295386402e-06,0.998386581584,0.00161048887762
dismal,-1,-1,0.977909843549,0.00227003078298,0.0198201256683
review,0,0,0.114359296547,0.554219645254,0.331421058199
pietra,0,0,0.0985118181881,0.635685866275,0.265802315537
quacamole,0,0,0.155831049148,0.577393719503,0.266775231349
disgust,-1,-1,0.993169054908,0.00494121553953,0.00188972955256
peaceful,1,1,0.00451708351191,0.0208948615368,0.974588054951
salmon,0,0,5.81658080858e-06,0.998542575805,0.00145160761446
woe,-1,-1,0.98724576125,0.00475348426511,0.0080007544847
gooseberry,0,0,0.000142702829198,0.986735563125,0.0131217340453
chowder,0,0,2.81402833992e-06,0.998162768248,0.00183441772409
painlessly,1,1,0.0575979424173,0.0185933767623,0.92380868082
ackward,-1,-1,0.572623843957,0.17709211049,0.250284045553
agreeably,1,1,0.0735215759679,0.0303925611326,0.896085862899
ameliorate,1,-1,0.624606827937,0.122185763257,0.253207408806
location,0,0,0.0039366782566,0.923790810634,0.0722725111091
befoul,-1,-1,0.945432284553,0.0319959358822,0.0225717795644
bouillon,0,0,5.83755886516e-06,0.997348474681,0.00264568776043
uncomfy,-1,-1,0.411417304305,0.28957877968,0.299003916016
bore,-1,-1,0.622774905092,0.292554126174,0.084670968734
"maitre",0,0,0.155831049148,0.577393719503,0.266775231349
conspiratorial,-1,-1,0.989138425964,0.00350150681926,0.00736006721652
hominy,0,0,3.52759163839e-05,0.993595681292,0.00636904279149
impudent,-1,-1,0.895706422932,0.00439118381337,0.0999023932545
torpor,-1,-1,0.894845802497,0.0302431598213,0.0749110376822
fascinate,1,1,0.00409895285914,0.00135957820634,0.994541468935
ricotta,0,0,2.42144292184e-06,0.998290208986,0.00170736957092
accommodative,1,1,0.065761628913,0.0169546531204,0.917283717967
asparagus,0,0,2.18385204152e-06,0.99837687681,0.00162093933807
croissant,0,0,5.10835544029e-06,0.997879185968,0.00211570567682
venomously,-1,-1,0.962375686568,0.0167680893261,0.0208562241058
hovel,0,-1,0.504092962838,0.434904127062,0.0610029101004
spoil,-1,-1,0.745721904428,0.0618016497517,0.192476445821
insult,-1,-1,0.99764638188,0.00169668960768,0.000656928512619
impair,-1,-1,0.956757159326,0.0144463733993,0.028796467275
liquor,0,0,0.00772996569105,0.988453844653,0.00381618965634
dismissive,-1,-1,0.988591895427,0.000649217187595,0.0107588873858
coleslaw,0,0,4.37737539113e-07,0.999289946445,0.000709615817594
reject,-1,-1,0.914799296438,0.0586206006248,0.0265801029373
margarine,0,0,5.97534705181e-07,0.999590679496,0.000408722969117
pestilent,-1,-1,0.915564390281,0.0311434755614,0.0532921341581
eclectic,1,1,0.00218560445762,0.044411094402,0.95340330114
sweet,1,1,0.0270873444056,0.30252334809,0.670389307505
felicitous,1,1,0.00222133994062,0.00890079612143,0.988877863938
deceitfully,-1,-1,0.960778975875,0.0149478692201,0.0242731549052
cloying,-1,-1,0.655043836143,0.0271374421179,0.317818721739
hostel,0,0,0.0793496102683,0.881277511495,0.0393728782369
imposture,-1,-1,0.863516929505,0.0720095435527,0.0644735269426
flawless,1,1,8.15812235627e-05,0.00116039568856,0.998758023088
generously,1,1,0.00372047379035,0.036841643207,0.959437883003
pleasurably,1,1,0.0367413975242,0.133160986469,0.830097616007
scenery,0,1,0.0039604311093,0.290873450851,0.70516611804
unappreciative,-1,-1,0.985619933866,0.000530106845255,0.0138499592889
lolly,0,0,0.0104128697961,0.983746301825,0.00584082837901
downside,-1,-1,0.681459372263,0.202739784415,0.115800843322
felicitate,1,1,0.00320713705084,0.0314915357222,0.965301327227
candy,0,0,0.00329021865347,0.979582546954,0.0171272343928
avocado,0,0,1.01394287406e-05,0.996572424693,0.00341743587847
beneficially,1,1,0.0423154071895,0.0365403815151,0.921144211295
coffee,0,0,2.05627150611e-05,0.995118237599,0.00486119968592
overcompensate,1,-1,0.984558513331,0.00811701820875,0.00732446846072
rabid,-1,-1,0.887517412299,0.00753340641627,0.104949181285
tire,-1,0,0.114096360212,0.874329822647,0.0115738171403
helpful,1,1,0.00647744354209,0.0402428398777,0.95327971658
unimportant,-1,-1,0.988763843064,0.00381588941031,0.00742026752617
profitable,1,1,0.0154927313129,0.0703511758725,0.914156092815
gross,-1,-1,0.947820140662,0.0438701043352,0.00830975500309
strudel,0,0,6.27529545381e-05,0.991292602274,0.00864464477121
deficiency,-1,-1,0.855218313388,0.0801354287585,0.0646462578535
unaccommodating,-1,-1,0.991354190905,0.00278645008443,0.00585935901057
awe,1,1,0.00172889129118,0.00447662206756,0.993794486641
cravenly,-1,-1,0.988491575944,0.00589742528753,0.00561099876855
moron,-1,-1,0.988204921697,0.00845885119579,0.00333622710712
inappropriate,-1,-1,0.987295676536,0.00268755254783,0.0100167709165
dessserts,0,0,0.155831049148,0.577393719503,0.266775231349
tamale,0,0,6.52857757007e-06,0.997202718519,0.00279075290341
"ill-used",-1,0,0.155831049148,0.577393719503,0.266775231349
importunate,-1,-1,0.657801490826,0.0162423989079,0.325956110266
tasty,1,1,0.000261612514595,0.39719458743,0.602543800055
disgustful,-1,0,0.155831049148,0.577393719503,0.266775231349
milkshake,0,0,1.12314540548e-05,0.996966968685,0.00302179986128
thin,0,1,0.243106799815,0.213042015121,0.543851185064
rude,-1,-1,0.999679845757,0.000235855097349,8.42991455508e-05
dismay,-1,-1,0.976548911847,0.0093329466788,0.0141181414744
happy,1,1,8.69067520354e-05,0.00759380762262,0.992319285625
satisfied,1,1,0.00925412042679,0.0131638113825,0.977582068191
good,1,1,0.00488285236297,0.028462584121,0.966654563516
positive,1,1,0.126590908901,0.0469269424903,0.826482148609
excellent,1,1,3.01813980815e-06,3.46780876891e-06,0.999993514051
flawless,1,1,8.15812235627e-05,0.00116039568856,0.998758023088
unimpaired,1,1,0.0530821551794,0.00955004147703,0.937367803344
unhappy,-1,-1,0.982265149005,0.00432762372667,0.0134072272685
