word,Actual_Polarity,Calc_Polarity,NegativeSimilarity,NeutralSimilarity,PositiveSimilarity
outstand,1,1,0.0773779682356,0.22530526746,0.697316764304
disgust,-1,-1,0.992960629006,0.00499482312485,0.00204454786868
lighting,0,0,0.0181429435583,0.628656985916,0.353200070526
substandard,-1,-1,0.989310094937,0.00792810167431,0.00276180338823
worthlessly,-1,0,0.165389303689,0.508731297982,0.325879398329
calumniously,-1,0,0.165389303689,0.508731297982,0.325879398329
devious,-1,-1,0.948568509224,0.00327976253745,0.0481517282385
meatloaf,0,0,2.55908066286e-05,0.994698023468,0.00527638572533
hazelnut,0,0,8.36176299106e-06,0.9969791511,0.00301248713741
horrendously,-1,-1,0.996672306913,0.00172672669692,0.00160096639024
light,0,1,0.0441896936639,0.344785843232,0.611024463104
bother,-1,-1,0.951572292652,0.0165782735765,0.0318494337713
belligerently,-1,-1,0.99075623331,0.00127903090084,0.00796473578935
marzipan,0,0,0.000403313906079,0.977232882439,0.0223638036554
practical,1,1,0.0165552702995,0.170222419212,0.813222310489
winningest,1,1,0.00905926202446,0.0718044213729,0.919136316603
extensive,1,0,0.0099430315491,0.617112582877,0.372944385574
wheat,0,0,0.00193748858505,0.991622171808,0.00644033960745
cobweb,0,0,0.170688743891,0.752713697681,0.0765975584281
basil,0,0,1.58324111287e-05,0.995603301147,0.00438086644192
squab,0,0,0.000843421616012,0.966228817494,0.0329277608901
altruistic,1,1,0.0698964222396,0.00934789463603,0.920755683124
smutty,-1,-1,0.973032684319,0.00800483564687,0.0189624800344
ribbon,0,0,0.00237848384399,0.911105987773,0.0865155283827
grubby,-1,-1,0.977994976505,0.0123236572225,0.00968136627277
teapot,0,0,0.00363827743861,0.961774072613,0.0345876499481
train,1,0,0.0550151987582,0.509767379282,0.435217421959
insupportably,-1,0,0.165389303689,0.508731297982,0.325879398329
celery,0,0,7.54286750818e-06,0.997416241758,0.00257621537496
monstrously,-1,-1,0.927453676606,0.0156133869148,0.0569329364791
aggressive,-1,1,0.381911111792,0.0423976479023,0.575691240305
entertain,1,1,0.01815217602,0.0637573108818,0.918090513098
disgust,-1,-1,0.992960629006,0.00499482312485,0.00204454786868
price,0,0,0.0342710592525,0.783873218583,0.181855722165
kickass,-1,1,0.0192610130408,0.0803768699704,0.900362116989
pan,0,0,0.00468718645653,0.923152838567,0.0721599749761
revere,1,1,0.00601697091992,0.00950077256229,0.984482256518
indecently,-1,1,0.383257569509,0.0289897517167,0.587752678774
accomodative,1,1,0.255225173628,0.129459349357,0.615315477015
repressive,-1,-1,0.982292133974,0.00349684557408,0.0142110204519
illogic,-1,-1,0.986044281726,0.00549713324984,0.00845858502382
torpidity,-1,-1,0.690333604951,0.13105758759,0.178608807458
ridiculous,-1,-1,0.98988624722,0.00384608773179,0.00626766504806
sicken,-1,-1,0.971460714615,0.0177803369142,0.010758948471
transcendent,1,1,0.000308278734773,0.00275717346513,0.9969345478
acrid,-1,-1,0.786119771253,0.171960698998,0.0419195297494
grumpily,-1,-1,0.987740127767,0.00733660631312,0.00492326591967
enchant,1,1,3.47245156925e-05,0.00375094089958,0.996214334585
enchantingly,1,1,0.00596440027505,0.0467147189266,0.947320880798
saute,0,0,6.04298509733e-05,0.991340295588,0.00859927456139
cognac,0,0,0.000404495712294,0.977270584084,0.0223249202033
appalling,-1,-1,0.99770665326,0.000536942824401,0.00175640391601
insult,-1,-1,0.997600935984,0.00172298350647,0.000676080509709
appropriate,1,1,0.0123797611897,0.04475905271,0.9428611861
walnut,0,0,9.39387209552e-06,0.996661832045,0.00332877408308
apprehensively,-1,1,0.414813054916,0.127943631557,0.457243313527
handsomely,1,1,0.00522647745823,0.0138376124255,0.980935910116
peppy,1,1,0.00271304623225,0.00992194724834,0.987365006519
derogatory,-1,-1,0.994150969092,0.00456841111953,0.00128061978868
kiwi,0,0,0.00381404617595,0.941141544741,0.055044409083
scornfully,-1,-1,0.995745043628,0.00109095085424,0.00316400551768
gelatin,0,0,0.000119201339824,0.987947335511,0.0119334631493
rotten,-1,-1,0.947995691301,0.0452403599476,0.00676394875172
harshly,-1,-1,0.995181312661,0.00133083408501,0.0034878532537
roll,0,0,0.0540707595112,0.678373210778,0.267556029711
abrupt,-1,-1,0.881903555486,0.0389128697867,0.0791835747276
talented,1,1,7.30251244772e-05,0.00377684087768,0.996150133998
huge,0,0,0.012651550842,0.711994531853,0.275353917305
heavenly,1,1,0.0028852500833,0.0797023347695,0.917412415147
rapture,1,1,0.0713625027837,0.0341503978437,0.894487099373
regrettable,-1,-1,0.967903880841,0.00427880439633,0.0278173147627
meal,0,0,6.73392581167e-05,0.990934551785,0.00899810895658
mess,-1,-1,0.937360299217,0.058937014465,0.00370268631765
clam,0,0,0.0040607535982,0.982750624603,0.0131886217992
slowwww,-1,0,0.165389303689,0.508731297982,0.325879398329
request,0,0,0.00884112350361,0.506446791607,0.484712084889
thankful,1,1,0.00542657072688,0.028847594754,0.965725834519
delectation,1,1,0.0380673632279,0.150341997819,0.811590638953
awesomely,1,1,0.0288329768584,0.0374268697628,0.933740153379
beauty,1,1,0.00493369802669,0.18468528556,0.810381016413
majestic,1,1,0.00198281720662,0.0126849168495,0.985332265944
exquisite,1,1,0.000221303872718,0.0200406052358,0.979738090891
entire,0,0,0.175480874774,0.635030755726,0.1894883695
hartshorn,0,0,0.165389303689,0.508731297982,0.325879398329
valiant,1,1,0.0499734698418,0.0059618069987,0.944064723159
magnificent,1,1,5.53399828272e-05,0.00617953393258,0.993765126085
ration,0,0,0.0692676023323,0.885932863874,0.044799533794
seedy,-1,-1,0.937811072861,0.04175611936,0.0204328077789
guava,0,0,3.07405878614e-05,0.993899572573,0.00606968683937
joyfully,1,1,0.00235057411606,0.0104041237404,0.987245302144
marinara,0,0,3.19660690251e-05,0.993914625131,0.00605340880028
disastrously,-1,-1,0.993301157764,0.00314547597767,0.00355336625823
overcharge,-1,-1,0.933399187173,0.0534097922707,0.0131910205568
disgraceful,-1,-1,0.999306045805,0.000288610577888,0.000405343617255
atrocious,-1,-1,0.989704351661,0.000528945696481,0.00976670264287
maliciously,-1,-1,0.993791196509,0.00340318443256,0.00280561905866
sloooow,-1,-1,0.492824414848,0.224002389181,0.283173195971
uncivil,-1,-1,0.99920100107,0.000337481026388,0.000461517903667
burger,0,0,9.8975061303e-06,0.996934932423,0.00305517007123
spirited,1,1,0.00334691248406,0.00553070823404,0.991122379282
tremendous,1,1,0.00224906425852,0.0230878745104,0.974663061231
nauseate,-1,-1,0.952622710489,0.0187140209686,0.0286632685423
trashy,-1,-1,0.971447760192,0.0147965205144,0.0137557192936
spurious,-1,-1,0.977533910268,0.0166034002204,0.00586268951178
servant,0,1,0.129588936795,0.175725613566,0.694685449639
compliment,1,1,0.0101141860052,0.0620491876263,0.927836626368
malevolently,-1,-1,0.964197870056,0.0137093908734,0.0220927390708
regrettably,-1,-1,0.940070918458,0.0212600201602,0.038669061382
"high_quality",1,0,0.165389303689,0.508731297982,0.325879398329
macaroon,0,0,0.000134946721129,0.988068159195,0.0117968940835
bitch,-1,-1,0.963942865041,0.030937372208,0.00511976275051
blissful,1,1,0.00284668907578,0.00849203508759,0.988661275837
unusable,-1,-1,0.960017189032,0.0318199051184,0.00816290584928
abundant,1,1,0.00899077195351,0.0844454423058,0.906563785741
wholesome,1,1,0.00405845654574,0.044037532162,0.951904011292
hall,0,0,0.00560599268104,0.984639956992,0.00975405032715
complacent,-1,-1,0.985595290485,0.00420451509568,0.0102001944195
delivery,0,1,0.00809090045185,0.3613725058,0.630536593748
passivity,-1,-1,0.988561993007,0.00331971276466,0.00811829422858
harmful,-1,-1,0.983274031514,0.00785689605956,0.00886907242633
delectable,1,1,0.000462904891426,0.169880495778,0.829656599331
valiantly,1,1,0.0611776946921,0.014236474881,0.924585830427
section,0,0,0.0448239050852,0.746005049803,0.209171045112
confusing,-1,-1,0.98557499192,0.00944691206164,0.00497809601846
talent,1,1,0.0051426768229,0.0723775307253,0.922479792452
enthusiastically,1,1,0.00400362818514,0.0152008897837,0.980795482031
smugly,-1,-1,0.88789072161,0.00906152413694,0.103047754253
glad,1,0,0.0830600866099,0.768740022262,0.148199891128
pickle,0,0,0.0154989569426,0.967017975641,0.0174830674162
ladyfinger,0,0,0.00141200328986,0.982274694109,0.0163133026007
grandioso,1,0,0.165389303689,0.508731297982,0.325879398329
pomegranate,0,0,6.7282468262e-05,0.990874689749,0.00905802778251
corner,0,1,0.160095350738,0.280127992655,0.559776656607
merit,1,1,0.182332754243,0.2395097309,0.578157514858
stupidly,-1,-1,0.98907344928,0.00348968816747,0.00743686255222
basic,0,1,0.0485484779603,0.374740345478,0.576711176562
disrespectfully,-1,-1,0.995384193006,0.00315718567094,0.00145862132351
caviar,0,0,0.00119973634861,0.959442873441,0.0393573902106
poor,-1,-1,0.969613077491,0.00422685325793,0.0261600692511
lemon,0,0,0.000155348952738,0.986718868415,0.0131257826323
"ill-favored",-1,0,0.165389303689,0.508731297982,0.325879398329
option,0,0,0.0516867589329,0.593908817237,0.35440442383
cabernet,0,0,0.000493140414712,0.974474485489,0.025032374096
legume,0,0,0.00134126139451,0.983759779255,0.0148989593501
acceptable,1,1,0.458007393892,0.0560507392282,0.485941866879
virtuously,1,1,0.0795579181981,0.0677856332631,0.852656448539
curry,0,0,2.99618101829e-05,0.994900740185,0.00506929800512
trust,1,1,0.128869787577,0.21922156837,0.651908644053
snob,0,-1,0.415918625714,0.289249356534,0.294832017752
caper,0,0,0.204370308018,0.648070138338,0.147559553645
hoodwink,-1,-1,0.977285747658,0.00494921684853,0.017765035493
grit,0,1,0.0417079504572,0.203499624837,0.754792424706
subpar,-1,-1,0.965270387954,0.00439032410784,0.0303392879384
damn,-1,-1,0.793858286228,0.0688770393524,0.137264674419
rile,-1,-1,0.978427581646,0.00698169123487,0.0145907271187
wrap,0,0,0.0310437701493,0.648386799712,0.320569430139
caraway,0,0,0.000271874836845,0.981339832718,0.0183882924453
order,0,0,0.0178125951037,0.867337840689,0.114849564208
frustrate,-1,-1,0.962166251852,0.00319372384497,0.034640024303
imaginative,1,1,0.00180691598847,0.0078535057664,0.990339578245
ineloquently,-1,0,0.165389303689,0.508731297982,0.325879398329
fuss,-1,-1,0.519223707701,0.160718699101,0.320057593198
stupidity,-1,-1,0.996189269183,0.00211101756529,0.00169971325187
pastry,0,0,4.27116699971e-06,0.997770150683,0.00222557814997
overpay,0,-1,0.620685086323,0.18737720994,0.191937703737
wedding,0,0,0.00350679146916,0.96839920724,0.028094001291
festive,1,1,0.00398068639645,0.387664002055,0.608355311548
terrace,0,0,0.000231511690926,0.982824455842,0.0169440324669
agave,0,0,4.86377748108e-05,0.992275532104,0.00767583012156
riveting,1,1,0.0107129820659,0.00469252635435,0.98459449158
alarm,-1,-1,0.690235370384,0.261700551873,0.0480640777423
scene,0,-1,0.51818717341,0.264818717938,0.216994108652
inhospitable,-1,-1,0.870794620482,0.00836046152964,0.120844917988
unhappiness,-1,-1,0.986457667958,0.00437897781189,0.00916335423057
flower,0,0,0.00146313476198,0.954957429765,0.0435794354731
nark,1,-1,0.87042484548,0.110462125827,0.0191130286932
enjoyable,1,1,8.71254454414e-05,0.00352652008407,0.99638635447
toffee,0,0,0.000260031727692,0.98213650817,0.0176034601023
skewer,0,0,0.0988057330772,0.697957299524,0.203236967398
wondrous,1,1,0.000375209504953,0.00488121690481,0.99474357359
gourmet,1,0,6.64901752381e-05,0.947859350046,0.0520741597783
worry,-1,-1,0.902170611226,0.0646631244589,0.0331662643156
haddock,0,0,1.99583042524e-05,0.995434030413,0.00454601128276
bemuse,-1,1,0.342952726874,0.0211649251561,0.635882347969
"ill-natured",-1,0,0.165389303689,0.508731297982,0.325879398329
caffe,0,0,0.000990878540193,0.949965629739,0.0490434917206
inedible,-1,0,0.381013691975,0.444815488571,0.174170819455
fry,0,0,0.00906282625226,0.976723225074,0.0142139486736
adverse,-1,-1,0.84528314878,0.0696990600015,0.0850177912183
appetizer,0,0,0.00016728688679,0.985422048322,0.0144106647917
tender,1,1,0.0491437583295,0.449259015837,0.501597225834
sickly,-1,-1,0.955700986518,0.0263083198153,0.0179906936664
pear,0,0,1.96503431778e-06,0.998503395161,0.00149463980465
betray,-1,-1,0.963577863926,0.00568704228369,0.0307350937902
atmoshere,0,0,0.165389303689,0.508731297982,0.325879398329
affectionate,1,1,0.00208498868253,0.00333045413466,0.994584557183
annoy,-1,-1,0.99049571652,0.00398318458426,0.00552109889623
succotash,0,0,0.000940313014813,0.964335265718,0.034724421267
tinny,-1,-1,0.839936636578,0.094583944125,0.0654794192969
deplore,-1,-1,0.992729406409,0.00289690950454,0.00437368408609
cantaloupe,0,0,9.30803214847e-06,0.996963742527,0.00302694944038
kabob,0,0,7.9201127358e-05,0.990063937179,0.00985686169394
boring,-1,-1,0.954848936684,0.00506725624132,0.0400838070747
feeble,-1,-1,0.995664875453,0.00107222765966,0.00326289688757
crude,-1,-1,0.459328495173,0.450649484865,0.0900220199616
lobster,0,0,1.16406868548e-06,0.998892171353,0.0011066645788
wild_rice,0,0,0.165389303689,0.508731297982,0.325879398329
desk,0,0,0.0659036718265,0.784515534667,0.149580793507
frontman,0,-1,0.464100696383,0.220834727018,0.315064576599
enticing,1,1,0.0154651023796,0.0307073685995,0.953827529021
authentic,1,1,0.00174033492672,0.0153868542842,0.982872810789
overrate,-1,-1,0.894934723175,0.00836310668262,0.0967021701423
dirty,0,-1,0.970877424626,0.0205760695571,0.00854650581657
cucumber,0,0,8.2512363273e-05,0.990094521517,0.00982296611929
gloriously,1,1,0.0204442529446,0.00955242095785,0.970003326098
terrible,-1,-1,0.907609585343,0.00829170105417,0.0840987136029
affordably,1,1,0.00233594796129,0.107436899161,0.890227152877
harassment,-1,-1,0.958907074407,0.0334456998781,0.00764722571445
melt,1,0,0.0548181659219,0.627161489161,0.318020344917
heartily,1,1,0.00191832935762,0.00780448281487,0.990277187828
overzealous,-1,-1,0.99418931372,0.00433759256117,0.00147309371924
heavy-handed,-1,0,0.165389303689,0.508731297982,0.325879398329
gluten,0,0,0.00365871820082,0.986046432297,0.0102948495018
heartless,-1,-1,0.998593560502,0.000389399162091,0.0010170403356
endear,1,1,0.132615868927,0.00314816958962,0.864235961484
slanderous,-1,-1,0.996657183129,0.00232655166078,0.00101626520994
comfort,0,1,0.00647184617167,0.0229160919053,0.970612061923
syrah,0,0,0.000220781192515,0.983167950444,0.0166112683635
montparnasse,0,0,0.165389303689,0.508731297982,0.325879398329
gracefully,1,1,0.000543615146803,0.00446903552594,0.994987349327
nasty,-1,-1,0.968049565545,0.0142630444347,0.0176873900202
hysterically,-1,-1,0.989070388698,0.00231791158606,0.00861169971556
pudding,0,0,1.41520540587e-05,0.995906100514,0.00407974743182
motel,0,0,0.0581786224571,0.911345586115,0.0304757914284
veggies,0,0,3.82531937156e-05,0.993140947161,0.006820799645
antipasto,0,0,4.37235068189e-05,0.992647313111,0.0073089633825
torpiness,-1,0,0.165389303689,0.508731297982,0.325879398329
treacherously,-1,-1,0.877813392937,0.029328320121,0.0928582869415
food,0,0,0.00410381119313,0.935771070078,0.0601251187293
smooth,1,1,0.0034840531007,0.0375244437795,0.95899150312
pack,-1,0,0.119971862921,0.612156514684,0.267871622396
torturous,-1,-1,0.957917301871,0.00478013346104,0.0373025646677
blameless,1,-1,0.98051939561,0.00111024462592,0.018370359764
busboy,0,0,0.0681831380988,0.860217257587,0.0715996043139
fromager,0,0,0.0380100017989,0.597328448572,0.364661549629
annihilate,-1,-1,0.794872543511,0.0135718766432,0.191555579846
success,1,1,0.00823034512738,0.0883516163099,0.903418038563
balsamic,0,0,2.53148833915e-06,0.998717925105,0.00127954340631
bean,0,0,4.93503442921e-05,0.993587067476,0.00636358217961
doughnut,0,0,0.165389303689,0.508731297982,0.325879398329
uncompetitive,-1,-1,0.992499283973,0.00498391664312,0.00251679938354
next,0,1,0.0398911243386,0.20854856734,0.751560308322
dark,0,1,0.153820031806,0.207099003128,0.639080965066
awe,1,1,0.00152599149654,0.00819141149899,0.990282597004
piteous,-1,-1,0.987939776512,0.00314994262574,0.00891028086273
hilarious,1,1,0.122765380968,0.0130189333653,0.864215685667
outperformance,1,1,0.0359076285256,0.275888293497,0.688204077978
arrogant,-1,-1,0.990251629562,0.00139208924212,0.00835628119592
thai,0,0,0.0160937437537,0.848505761672,0.135400494574
attractively,1,1,0.00276772696227,0.0348258875296,0.962406385508
"%c%c*bread",0,0,0.165389303689,0.508731297982,0.325879398329
sarcastically,-1,-1,0.954399382862,0.0239520713161,0.0216485458216
present,0,1,0.0121178908111,0.0972811528376,0.890600956351
joint,0,1,0.0848821292786,0.325367956329,0.589749914392
alcohol,0,0,0.0235904279282,0.95402090404,0.0223886680322
discontented,-1,-1,0.973462245818,0.00553518657236,0.02100256761
sparerib,0,0,0.165389303689,0.508731297982,0.325879398329
appallingly,-1,-1,0.997260895959,0.000712232261079,0.00202687178036
staid,-1,1,0.249938812069,0.0224583118712,0.727602876059
shrimp,0,0,2.17425785845e-06,0.998404488397,0.00159333734534
throw,-1,0,0.291204754767,0.519234472583,0.18956077265
waitstaffs,0,0,0.0771091552997,0.510916240546,0.411974604154
costly,0,-1,0.971276288024,0.007742987559,0.0209807244175
ashamed,-1,-1,0.986022393427,0.00609813313985,0.00787947343337
quarrelsome,-1,-1,0.982005851838,0.00500927625646,0.0129848719055
mussles,0,0,0.165389303689,0.508731297982,0.325879398329
ingeniously,1,1,0.0161640069999,0.0363291125443,0.947506880456
brutally,-1,-1,0.887244812479,0.0202135202839,0.092541667237
disgust,-1,-1,0.992960629006,0.00499482312485,0.00204454786868
unprofitable,-1,-1,0.875505091045,0.0539833842455,0.0705115247095
nectar,0,0,0.000234411710699,0.928176582758,0.0715890055308
calumnious,-1,-1,0.984035298733,0.00719531756203,0.00876938370487
simple,0,1,0.0103165647341,0.207257427541,0.782426007725
defamatory,-1,-1,0.987171539839,0.00451603792059,0.00831242224074
run-down,-1,0,0.165389303689,0.508731297982,0.325879398329
bounteous,1,1,0.0037144412743,0.0316978194091,0.964587739317
dishonorablely,-1,0,0.165389303689,0.508731297982,0.325879398329
flounder,0,0,0.0802516961366,0.853282518657,0.0664657852068
mousse,0,0,8.31692947913e-05,0.989886519411,0.0100303112938
ramshackle,-1,-1,0.733311183976,0.123458047127,0.143230768897
quaint,1,1,0.0318164559818,0.302803985671,0.665379558348
top_notch,1,0,0.165389303689,0.508731297982,0.325879398329
sweetness,1,1,0.00142659173188,0.386134075436,0.612439332832
crowd,-1,1,0.0781028596387,0.294920492533,0.626976647829
ignorance,-1,-1,0.991602979199,0.00504719019433,0.00334983060687
ramp,0,0,0.0698772048704,0.567323834326,0.362798960803
overprice,-1,-1,0.947043334622,0.0422622162688,0.010694449109
tiresome,-1,-1,0.99074888934,0.00130541200176,0.00794569865824
must,1,1,0.057588982806,0.131326672285,0.811084344909
occasion,0,1,0.0264165618353,0.440632673149,0.532950765015
scant,-1,-1,0.750434553289,0.108708205517,0.140857241194
snobish,-1,0,0.165389303689,0.508731297982,0.325879398329
beat,-1,1,0.0377512473362,0.0655648570312,0.896683895633
stellar,1,1,0.000727137424037,0.00565833829015,0.993614524286
impressively,1,1,0.000279847234343,0.00496267599275,0.994757476773
disparage,-1,-1,0.979412581222,0.00333877074883,0.0172486480289
heaviness,-1,1,0.32138505815,0.222050923628,0.456564018222
borscht,0,0,0.000118290414731,0.987945100436,0.0119366091495
view,0,1,0.0641983575882,0.315835304156,0.619966338256
dreck,-1,-1,0.977101547648,0.00866539439317,0.0142330579591
admiration,1,1,0.00101674224635,0.0054648763098,0.993518381444
belittle,-1,-1,0.992615447869,0.00215539806039,0.00522915407029
cram,-1,-1,0.577731962909,0.221373735679,0.200894301412
collard,0,0,0.000125439216878,0.987961888632,0.0119126721507
pecan,0,0,3.19411424921e-06,0.998102571204,0.00189423468134
masterful,1,1,0.000178627931416,0.00113637243151,0.998684999637
great,0,1,0.000133166957491,0.00698252869282,0.99288430435
cook,0,0,0.000217850585499,0.983595805221,0.0161863441937
souffle,0,0,0.0016251255608,0.952416029643,0.0459588447958
high-spirited,1,0,0.165389303689,0.508731297982,0.325879398329
beautiful,1,1,2.0122901981e-05,0.00341500986456,0.996564867233
surpass,1,1,0.010430371984,0.0437560330191,0.945813594997
chick,0,0,0.142275299303,0.76371134522,0.0940133554767
refresh,1,1,0.0276589890562,0.323876535236,0.648464475708
water,0,0,0.0018911389873,0.984016334633,0.0140925263802
stuffy,-1,-1,0.876070947936,0.0542601692203,0.0696688828438
dextrous,1,1,0.00136671391942,0.00689522272715,0.991738063353
uninteresting,-1,-1,0.984295144008,0.00322344643298,0.0124814095591
swordfish,0,0,4.13678853207e-05,0.993126981484,0.00683165063058
endear,1,1,0.132615868927,0.00314816958962,0.864235961484
cheerless,-1,-1,0.976082466054,0.00572664306242,0.0181908908839
dreadful,-1,-1,0.989752877479,0.00115351241257,0.00909361010794
accomodating,1,1,0.0162013713693,0.0516497567393,0.932148871891
healthy,1,1,0.00310475662261,0.0831397319309,0.913755511446
feebleminded,-1,-1,0.986558634489,0.00826105981874,0.00518030569198
elegant,1,1,0.000349757802062,0.13996524557,0.859684996628
presumptuously,-1,-1,0.820418988405,0.0230992926096,0.156481718986
slanderously,-1,-1,0.890647508655,0.0730020676465,0.0363504236988
granola,0,0,0.000294127848159,0.981562135582,0.0181437365696
anchovy,0,0,2.63563388315e-05,0.994676108225,0.00529753543657
true,0,1,0.0554173595953,0.0516307219761,0.892951918429
kohlrabi,0,0,0.000126758253975,0.987500256378,0.0123729853678
dolt,-1,-1,0.985128773659,0.0062898996898,0.00858132665092
guiness,0,0,0.0253127258799,0.701825127472,0.272862146648
perverse,-1,-1,0.99018943609,0.00170720384487,0.0081033600654
woeful,-1,-1,0.983716412101,0.00191204185336,0.014371546046
citronella,0,0,0.00158234517132,0.974431322383,0.0239863324461
humourous,1,1,0.0716928598519,0.0298811501706,0.898425989977
kringle,0,0,0.000320016468557,0.979771968441,0.0199080150903
sneakily,-1,-1,0.912937271298,0.038857726774,0.0482050019275
ineffectively,-1,-1,0.993973130778,0.00243347279894,0.00359339642282
scrumptious,1,1,0.000276193740721,0.489848308406,0.509875497853
idiot,-1,-1,0.978337411604,0.0125172986305,0.00914528976512
stylish,1,1,0.000133613057214,0.0143778961985,0.985488490744
ominously,-1,-1,0.973840960232,0.00690651163712,0.0192525281306
patty,0,0,1.41324220076e-05,0.996013169523,0.0039726980549
kingfish,0,0,7.13970927793e-05,0.991007086439,0.00892151646848
irreproachable,1,1,0.00149223861136,0.00327422513182,0.995233536257
greatness,1,1,0.00043292959707,0.00385343644766,0.995713633955
nightmarish,-1,-1,0.978433711313,0.00380782332117,0.017758465366
vulgar,-1,-1,0.991305989565,0.00235406720859,0.00633994322679
fish,0,0,1.83666511918e-05,0.995769966052,0.00421166729634
chutney,0,0,5.44405829082e-05,0.991786954924,0.00815860449304
negligent,-1,-1,0.980592673798,0.00596007371915,0.0134472524832
selection,0,1,0.0134497422826,0.398230521823,0.588319735895
artwork,0,0,0.00509814386255,0.766584600321,0.228317255817
menu,0,0,0.000705126598413,0.951879775017,0.0474150983849
plague,-1,-1,0.977917473689,0.014546955164,0.0075355711472
listlessness,-1,-1,0.976110017023,0.0139168815891,0.00997310138837
judicious,1,1,0.0124921214779,0.0437296086536,0.943778269868
hostess,0,0,0.0102588210673,0.805636789127,0.184104389806
guiltily,-1,-1,0.852185272506,0.0835527444945,0.0642619829994
hash,0,0,0.0335597806101,0.920571744101,0.0458684752889
friend,0,0,0.0323168211071,0.79202074835,0.175662430543
credulous,-1,-1,0.984188407465,0.00241592186078,0.0133956706742
overlook,-1,1,0.415773074412,0.122556816158,0.46167010943
hideously,-1,-1,0.991922365845,0.00482188124964,0.0032557529057
unforgetable,1,1,0.00885110935957,0.0615879807078,0.929560909933
excellant,1,1,0.0197997697497,0.126175957326,0.854024272924
strange,-1,-1,0.852893886053,0.0199594263324,0.127146687615
sickeningly,-1,-1,0.931184240992,0.0106038771347,0.0582118818738
place,0,0,0.0621790557669,0.819101062836,0.118719881397
mincemeat,0,1,0.219355253114,0.380962521205,0.39968222568
straw,0,0,0.302431222885,0.668776470334,0.0287923067813
improvement,1,1,0.0546040604729,0.256160143434,0.689235796093
deceive,-1,-1,0.968105728538,0.00442406612089,0.0274702053414
appal,-1,-1,0.866174037879,0.0121879259647,0.121638036156
dastardly,-1,-1,0.965084485237,0.0043785777731,0.0305369369898
devour,1,1,0.223728916781,0.214991059281,0.561280023938
"ill-fated",-1,0,0.165389303689,0.508731297982,0.325879398329
nastily,-1,-1,0.988865243893,0.00841994969289,0.0027148064144
acerbically,-1,-1,0.892612123623,0.0169182646694,0.0904696117074
martini,0,0,7.76120057871e-05,0.990210567652,0.00971182034187
malicious,-1,-1,0.983293868362,0.00641423081861,0.010291900819
flavor,0,0,0.000278340260279,0.945640474278,0.0540811854618
granite,0,0,0.00141455265298,0.955668550843,0.0429168965043
friendly,1,1,0.00782485573795,0.0190492880416,0.97312585622
morel,0,0,9.1362382675e-05,0.989493687019,0.0104149505979
fearful,-1,-1,0.993827456376,0.00415718574039,0.00201535788411
admirably,1,1,0.000164425848957,0.00122219650199,0.998613377649
infamously,-1,-1,0.984386025442,0.0107454207615,0.00486855379604
delight,1,1,0.000102756081915,0.00698588094698,0.992911362971
cocoa,0,0,0.00115094994921,0.987196272175,0.0116527778757
aesthetics,0,1,0.0215269860546,0.322007336529,0.656465677417
humorless,-1,-1,0.998619315738,0.000322430320191,0.00105825394146
classy,1,1,0.001562957161,0.00788041240359,0.990556630435
sommelier,0,0,0.000392417145715,0.884949434972,0.114658147882
counter,0,-1,0.492251201383,0.189246339877,0.318502458741
showeroom,0,0,0.165389303689,0.508731297982,0.325879398329
sinister,-1,-1,0.991398484534,0.00271268042191,0.00588883504383
joyously,1,1,0.00258777233804,0.00788594693509,0.989526280727
excel,1,1,0.00289802887122,0.0164319994612,0.980669971668
pea,0,0,0.00362043747451,0.983008985936,0.0133705765898
badly,-1,-1,0.955695910793,0.0252420618585,0.0190620273489
stupendously,1,1,0.197124106835,0.0205725194798,0.782303373685
dollar,0,0,0.103857333815,0.837711867115,0.0584307990703
stylishly,1,1,0.00311411242608,0.0181135600853,0.978772327489
obscenely,-1,-1,0.957178367713,0.00756963600675,0.0352519962804
irk,-1,-1,0.991192216416,0.000839616717051,0.00796816686693
sumptuous,1,1,0.000948555651511,0.0738968554414,0.925154588907
inability,-1,-1,0.978213074688,0.0136552686065,0.00813165670599
roofdeck,0,0,0.016816033642,0.757865960519,0.225318005839
bulky,-1,-1,0.75340719508,0.0880547724044,0.158538032516
raging,-1,-1,0.706613158727,0.179083909711,0.114302931562
misbegotten,-1,-1,0.992834512133,0.00358653110911,0.00357895675761
transcend,1,1,0.00417986097801,0.00506938349652,0.990750755525
luminary,1,1,0.0212294232743,0.163583326567,0.815187250159
junk,-1,-1,0.671542293566,0.304432097919,0.0240256085156
"so-so",-1,0,0.165389303689,0.508731297982,0.325879398329
surround,0,1,0.0637475185262,0.244655707724,0.69159677375
deliver,0,1,0.0209469603001,0.116842310079,0.862210729621
unwatchable,-1,-1,0.990527690595,0.00125817026022,0.00821413914521
loveable,1,1,0.00865875834931,0.00947518446211,0.981866057189
soda,0,0,0.00401001164748,0.991487471821,0.00450251653197
successfully,1,1,0.0249989946216,0.0967685041143,0.878232501264
enchant,1,1,3.47245156925e-05,0.00375094089958,0.996214334585
bungle,-1,-1,0.981755759064,0.0160927293203,0.0021515116158
unpalatable,-1,-1,0.976015805904,0.0129873389679,0.0109968551285
indifferent,-1,-1,0.994575476653,0.00059036811197,0.00483415523535
yellowtail,0,0,0.000181036567121,0.984927905733,0.0148910577001
resort,0,0,0.0892005080906,0.750590106028,0.160209385882
nefariously,-1,-1,0.98563944844,0.00840710382396,0.0059534477359
patio,0,0,2.06522485152e-05,0.994975588469,0.00500375928207
adroit,1,1,0.00229462528175,0.00185833362803,0.99584704109
dependable,1,1,0.00148288986928,0.0079728915779,0.990544218553
spice,0,0,0.00133026547412,0.981418579746,0.01725115478
despondently,-1,-1,0.846791241369,0.0630779188932,0.0901308397375
bluefish,0,0,0.00109888490176,0.989920403931,0.00898071116767
nuisance,-1,-1,0.964339583808,0.0287146924235,0.00694572376864
cappuccino,0,0,0.000176238010926,0.985439040218,0.0143847217709
own,0,1,0.0257834669423,0.2159047589,0.758311774158
honesty,1,1,0.0435518065048,0.045928666409,0.910519527086
quality,0,0,0.00600343561521,0.504993332827,0.489003231557
blissfully,1,1,0.0746432626322,0.0117759148447,0.913580822523
staunch,1,1,0.133975199854,0.0435781327676,0.822446667378
sangria,0,0,2.34122598773e-05,0.994647571799,0.00532901594149
okra,0,0,0.000108144630111,0.98896243043,0.0109294249401
cocktail,0,0,0.00157207888702,0.975024975177,0.0234029459359
maladjusted,-1,-1,0.997075435296,0.000799160789694,0.00212540391413
wayward,-1,-1,0.951772249913,0.00813729644362,0.0400904536432
prosperous,1,1,0.00436861975426,0.0433609077261,0.95227047252
zwieback,0,0,0.165389303689,0.508731297982,0.325879398329
cruelly,-1,-1,0.974879904521,0.00190589206331,0.0232142034159
trustworthy,1,1,0.00416512861828,0.0110180361313,0.98481683525
decent,0,1,0.0146863419465,0.0912835437912,0.894030114262
disappointingly,-1,-1,0.808836380741,0.0126893747286,0.17847424453
pics,0,0,0.134933472393,0.47286535922,0.392201168387
breathtaking,1,1,0.000252070242239,0.00425389963724,0.995494030121
despairing,-1,-1,0.951989869669,0.00305973435045,0.0449503959805
mango,0,0,3.35457537557e-05,0.993592080115,0.00637437413122
adoringly,1,1,0.0217973850558,0.0204299968834,0.957772618061
tortilla,0,0,7.45766972498e-06,0.997744545716,0.00224799661426
asinine,-1,-1,0.995969944116,0.00145522653739,0.00257482934621
irresponsible,-1,-1,0.999018277482,0.000477722035218,0.000504000482535
detrimental,-1,-1,0.986600815634,0.00432798990838,0.00907119445739
candle,0,0,0.00545924824344,0.872267644628,0.122273107129
enthrall,1,1,5.96146138879e-05,0.00239572783149,0.997544657555
spumoni,0,0,0.000591866656298,0.933107688098,0.0663004452462
abalone,0,0,2.44887521385e-06,0.998356533094,0.00164101803056
angelic,1,1,0.00385994718208,0.00705389319286,0.989086159625
fresh,0,0,0.00228173431039,0.762945335675,0.234772930015
fondue,0,0,2.21584390065e-05,0.994795961907,0.0051818796542
just,0,0,0.120126880228,0.735498812743,0.144374307029
coke,0,0,0.0236528155347,0.968399423225,0.00794776124044
inequitably,-1,-1,0.967766862974,0.0210741111644,0.0111590258613
brownie,0,0,0.0133628288584,0.947903979678,0.0387331914634
avariciously,-1,1,0.238312262162,0.32590677909,0.435780958748
reliable,1,1,0.00209119144168,0.0336353260311,0.964273482527
hostile,-1,-1,0.992977564254,0.00196577257739,0.00505666316872
music,0,1,0.0261664273704,0.329298484296,0.644535088333
diverse,0,1,0.0025843867054,0.0426134142851,0.95480219901
turnip,0,0,2.67607132846e-05,0.996062863489,0.00391037579775
felony,-1,-1,0.425679159065,0.386601121986,0.187719718949
trendi,1,0,0.165389303689,0.508731297982,0.325879398329
trout,0,0,0.000127973364521,0.98750851328,0.012363513355
cataclysmically,-1,-1,0.928504285443,0.0313114761223,0.0401842384342
insufferably,-1,-1,0.981734507834,0.0015521438455,0.0167133483204
fillet,0,0,3.53736557974e-05,0.993453552791,0.00651107355284
meaningless,-1,-1,0.991662035642,0.00285515684503,0.00548280751317
fudge,0,0,0.0105989102898,0.976991518588,0.0124095711225
return,0,0,0.0285121919202,0.533475723625,0.438012084454
jealous,-1,-1,0.975585837692,0.00680088474411,0.0176132775643
repugnant,-1,-1,0.994985541928,0.00100034255935,0.00401411551272
decoration,0,0,0.00227088533956,0.910341566723,0.0873875479373
bouillabaisse,0,0,0.000198533478723,0.984388955424,0.015412511097
"ill-tempered",-1,0,0.165389303689,0.508731297982,0.325879398329
ecstatically,1,1,0.00227368200371,0.00564087095329,0.992085447043
careless,-1,-1,0.997365310771,0.00166414077976,0.000970548449684
various,0,1,0.082996948531,0.364342210223,0.552660841246
kitchen,0,0,0.00976433542627,0.709877976588,0.280357687986
unsupportive,-1,-1,0.99883455486,0.000491689339268,0.000673755800932
valuable,1,1,0.00939038532899,0.0333319112798,0.957277703391
inexpert,-1,-1,0.968321223019,0.0115067483901,0.0201720285904
venomous,-1,-1,0.951836272499,0.00314004667771,0.0450236808229
beneficent,1,1,0.00613596574392,0.00461219410165,0.989251840154
villainously,-1,-1,0.787168641505,0.058098841696,0.154732516799
wary,-1,-1,0.932989131402,0.0212051336622,0.0458057349354
amiss,-1,-1,0.908529230071,0.0315824159333,0.0598883539954
jelly,0,0,0.00373576021506,0.97613630941,0.020127930375
appall,-1,-1,0.980826830669,0.00363846626172,0.0155347030696
advocate,1,1,0.0816055189749,0.288177919562,0.630216561464
main,0,0,0.0407529722158,0.636327368131,0.322919659653
popular,1,1,0.0121916926513,0.271828706484,0.715979600865
appreciative,1,1,3.49535002526e-05,0.00276014114825,0.997204905351
conch,0,0,0.000147219135554,0.986547506436,0.0133052744286
mercifully,1,-1,0.732854364776,0.0277193321107,0.239426303113
capable,1,1,0.00170218042196,0.011265351642,0.987032467936
pasta,0,0,8.56774786525e-07,0.998992767683,0.0010063755419
amicably,1,1,0.0333650133533,0.0803823305244,0.886252656122
mayo,0,0,0.00177465425125,0.98721108038,0.0110142653687
bustle,1,1,0.00534475211529,0.178049557685,0.8166056902
comfy,1,1,0.015158662142,0.0952442061787,0.889597131679
sardonic,-1,-1,0.611708864506,0.0104421788534,0.377848956641
horseradish,0,0,9.78193165104e-07,0.998943432426,0.0010555893806
peerless,1,1,0.000160190382721,0.00207112786749,0.99776868175
boredom,-1,-1,0.888733712879,0.0485511476086,0.0627151395126
unfriendly,-1,-1,0.998059638517,0.000304828190841,0.00163553329253
favourite,1,0,0.165389303689,0.508731297982,0.325879398329
modern,1,1,0.0122967319357,0.0388709786674,0.948832289397
dauntless,1,1,0.00386233292491,0.00246793695877,0.993669730116
fucker,-1,-1,0.772665355935,0.215449080934,0.0118855631312
sturgeon,0,0,0.000117187140775,0.987971330994,0.0119114818657
charm,1,1,0.00834250925854,0.13046721662,0.861190274121
forgettable,-1,-1,0.537184399253,0.00614906502026,0.456666535727
fabulously,1,1,0.0081607897955,0.0275141906736,0.964325019531
impecable,1,1,0.0393391671803,0.098816460406,0.861844372414
catcher,1,0,0.0368658430446,0.720338326754,0.242795830201
unimaginative,-1,-1,0.995454722645,0.0011679193624,0.00337735799232
trick,-1,1,0.243453783164,0.341183222918,0.415362993918
unprofessional,-1,-1,0.999729676501,0.000105180589888,0.000165142909369
satisfied,1,1,0.0137976596305,0.0761754603455,0.910026880024
ingredient,0,0,0.000576634545508,0.972500496742,0.0269228687122
like,0,1,0.18423702986,0.233975576244,0.581787393896
gaudy,-1,1,0.302225803279,0.045227039663,0.652547157058
nifty,1,1,0.0117333673357,0.0648034061739,0.92346322649
apathy,-1,-1,0.995286366536,0.00359401657124,0.00111961689256
economical,1,1,0.00738796323515,0.0828482140942,0.909763822671
aspic,0,0,0.00737853136634,0.852159826523,0.140461642111
harsh,-1,-1,0.986937473884,0.00476010010552,0.00830242601068
scratchy,-1,-1,0.879087350269,0.0440433984336,0.076869251297
cleverly,1,1,0.0342377524709,0.0256429862745,0.940119261255
sandwich,0,0,6.22062286129e-06,0.997779944734,0.00221383464319
dismal,-1,-1,0.983823526545,0.00202553380853,0.0141509396462
review,0,0,0.0514808053898,0.619166011678,0.329353182932
pietra,0,0,0.105539764052,0.570949102014,0.323511133933
quacamole,0,0,0.165389303689,0.508731297982,0.325879398329
disgust,-1,-1,0.992960629006,0.00499482312485,0.00204454786868
peaceful,1,1,0.00638056629529,0.028058491999,0.965560941706
salmon,0,0,0.000261371149775,0.982466131786,0.0172724970646
woe,-1,-1,0.987153027317,0.00452283136267,0.00832414132027
gooseberry,0,0,0.000517407485657,0.97403799294,0.0254445995739
chowder,0,0,2.18097765298e-05,0.994841115674,0.00513707454912
painlessly,1,1,0.0885006137056,0.0270307090379,0.884468677257
ackward,-1,-1,0.601187255414,0.150391496801,0.248421247785
agreeably,1,1,0.0605556631387,0.0365872944543,0.902857042407
ameliorate,1,-1,0.636174222488,0.106955924461,0.256869853051
location,0,0,0.00400812389664,0.84711398478,0.148877891323
befoul,-1,-1,0.949900148673,0.0280700368311,0.0220298144957
bouillon,0,0,2.3808226378e-05,0.994607600579,0.00536859119462
uncomfy,-1,-1,0.426840334408,0.246923679571,0.326235986021
bore,-1,-1,0.701438645054,0.209994306743,0.0885670482028
"maitre",0,0,0.165389303689,0.508731297982,0.325879398329
conspiratorial,-1,-1,0.989873123481,0.00335297206684,0.00677390445212
hominy,0,0,0.000157927013,0.986110827759,0.0137312452276
impudent,-1,-1,0.909635700931,0.00529608244566,0.0850682166232
torpor,-1,-1,0.87095378711,0.0319931829404,0.0970530299496
fascinate,1,1,0.00285301055478,0.0032550672817,0.993891922164
ricotta,0,0,1.54761040555e-05,0.99565149913,0.00433302476554
accommodative,1,1,0.0881532917439,0.0276185255715,0.884228182685
asparagus,0,0,4.38559270313e-05,0.992645755789,0.00731038828391
croissant,0,0,4.12412099968e-05,0.993428882831,0.00652987595933
venomously,-1,-1,0.964964993657,0.01507098767,0.0199640186728
hovel,0,-1,0.54202919117,0.370619390001,0.0873514188287
spoil,-1,-1,0.783201445833,0.0533988299104,0.163399724257
insult,-1,-1,0.997600935984,0.00172298350647,0.000676080509709
impair,-1,-1,0.953996733197,0.0153040154873,0.0306992513154
liquor,0,0,0.00797820550461,0.98402876117,0.0079930333252
dismissive,-1,-1,0.990661584692,0.000656913264826,0.00868150204302
coleslaw,0,0,4.43237306319e-06,0.997708573467,0.00228699416032
reject,-1,-1,0.924034646606,0.0504022697494,0.0255630836444
margarine,0,0,5.52012612828e-06,0.998547251582,0.00144722829197
pestilent,-1,-1,0.918792418344,0.0321163835711,0.0490911980849
eclectic,1,1,0.00216258563765,0.0683795419209,0.929457872441
sweet,1,1,0.010255586048,0.323797978901,0.665946435051
felicitous,1,1,0.00359255571565,0.0154534073861,0.980954036898
deceitfully,-1,-1,0.961128082564,0.0131803118768,0.0256916055596
cloying,-1,-1,0.658658107559,0.0310391557153,0.310302736725
hostel,0,0,0.098691009569,0.835180519195,0.0661284712356
imposture,-1,-1,0.862044711252,0.0700741597352,0.0678811290132
flawless,1,1,9.07894081797e-05,0.00259425802068,0.997314952571
generously,1,1,0.0059018603056,0.0514799084837,0.942618231211
pleasurably,1,1,0.0318489852662,0.131727183837,0.836423830897
scenery,0,1,0.00452845762736,0.283661470018,0.711810072354
unappreciative,-1,-1,0.988683937442,0.000521468700158,0.0107945938575
lolly,0,0,0.012363924511,0.974782151804,0.0128539236847
downside,-1,1,0.380540451448,0.0926483269861,0.526811221565
felicitate,1,1,0.00412527448801,0.0334112162452,0.962463509267
candy,0,0,0.00398125356148,0.960931334338,0.0350874121004
avocado,0,0,4.30266903225e-05,0.99283105321,0.00712592009961
beneficially,1,1,0.0388679242977,0.0497206909585,0.911411384744
coffee,0,0,6.01438479108e-05,0.991606827767,0.00833302838547
overcompensate,1,-1,0.982494921136,0.00889290796279,0.00861217090098
rabid,-1,-1,0.90771771476,0.00843388063425,0.0838484046058
tire,-1,0,0.110565052279,0.868343827096,0.0210911206247
helpful,1,1,0.0332106241173,0.0262057232692,0.940583652614
unimportant,-1,-1,0.989726611802,0.00363920083994,0.00663418735788
profitable,1,1,0.0220792738387,0.0980178424952,0.879902883666
gross,-1,1,0.0996336924172,0.0156836535206,0.884682654062
strudel,0,0,0.000252593416832,0.982070721147,0.0176766854361
deficiency,-1,-1,0.866261179161,0.0724029362293,0.0613358846098
unaccommodating,-1,-1,0.992802765951,0.00252997746822,0.00466725658124
awe,1,1,0.00152599149654,0.00819141149899,0.990282597004
cravenly,-1,-1,0.987101705707,0.00563523870249,0.00726305559008
moron,-1,-1,0.990125889185,0.00690329167479,0.00297081914031
inappropriate,-1,-1,0.988479235953,0.00257025847919,0.00895050556786
dessserts,0,0,0.165389303689,0.508731297982,0.325879398329
tamale,0,0,3.4991785327e-05,0.993455785215,0.00650922299933
"ill-used",-1,0,0.165389303689,0.508731297982,0.325879398329
importunate,-1,-1,0.645191151624,0.0170032674451,0.337805580931
tasty,1,1,0.00260034941519,0.381294692776,0.616104957809
disgustful,-1,0,0.165389303689,0.508731297982,0.325879398329
milkshake,0,0,9.11841641744e-05,0.990522995075,0.00938582076105
thin,0,0,0.266946851343,0.4130010721,0.320052076556
rude,-1,-1,0.946585931833,0.0046423571806,0.0487717109867
dismay,-1,-1,0.969718563571,0.0110207725613,0.0192606638682
happy,1,1,0.00388072635769,0.12778438933,0.868334884312
satisfied,1,1,0.0137976596305,0.0761754603455,0.910026880024
good,1,1,0.0116937962069,0.118136590281,0.870169613512
positive,1,1,0.0435135792092,0.00892586673524,0.947560554056
excellent,1,1,9.96328926317e-05,0.00703108031802,0.992869286789
flawless,1,1,9.07894081797e-05,0.00259425802068,0.997314952571
unimpaired,1,1,0.0581656570053,0.0166248592589,0.925209483736
unhappy,-1,-1,0.986138227704,0.00470700068694,0.00915477160894
unsatisfied,-1,-1,0.850271162887,0.0343312704321,0.115397566681
